1:ϵ_1:ϵ,1:ϵ_2:ϵ,1:ϵ_3:ϵ,2:ϵ_1:ϵ,2:ϵ_2:ϵ,2:ϵ_3:ϵ,3:ϵ_1:ϵ,3:ϵ_2:ϵ,3:ϵ_3:ϵ
0.2836690092966138,-0.04633338430004096,0.04679462369680695,-0.04633338430004096,0.3789882994400763,-0.01751057796847924,0.04679462369680695,-0.01751057796847924,0.31476243894048306
0.7501940743528515,-0.12522459417015092,-0.31646735086601907,-0.12522459417015094,0.6192749152466936,0.006553676026051293,-0.31646735086601907,0.006553676026051264,0.551761989493248
2.604151023320321,-0.8863150720934653,-3.681001182771022,-0.8863150720934654,1.2722658439657568,2.0729116783307378,-3.6810011827710216,2.0729116783307378,8.050317215496039
0.5441734449094621,0.33018927087631866,0.21841474187186743,0.3301892708763188,2.95857525816406,1.079302371923611,0.21841474187186755,1.079302371923611,0.8749154930633501
0.5788644736549994,-0.2336556484447458,-0.2823401313133593,-0.23365564844474573,1.0855633493350443,0.09212294210915553,-0.2823401313133592,0.09212294210915553,1.208941837251831
0.8410407776276507,-0.41552579500138215,-0.40308035615932647,-0.41552579500138215,0.5109458843352918,0.17503432753003906,-0.4030803561593265,0.17503432753003906,0.5236191899938762
2.182721245763505,-1.2460451681854408,-0.9031872812135537,-1.2460451681854408,1.3578119177425885,0.8311285844728533,-0.9031872812135541,0.8311285844728532,0.8441491595063378
1.941708686605185,0.35771420006882143,0.4876518945476766,0.3577142000688214,0.44007838884016487,-0.12771288937320968,0.4876518945476767,-0.12771288937320954,0.9114903408462861
0.47156513335155437,-0.06079230793001969,-0.15774134296115405,-0.06079230793001974,0.46217607207633227,-0.19234809632944522,-0.15774134296115402,-0.19234809632944525,0.5594488733271843
0.4649657257130352,-0.38453348599604986,-0.03760487475261762,-0.3845334859960499,0.9506058074798421,-0.35758340382466286,-0.03760487475261765,-0.35758340382466286,1.4022568607545547
1.5686432138876325,-0.39157735214521505,1.2236157537055656,-0.39157735214521494,1.471486435668892,-1.150541433387519,1.2236157537055654,-1.150541433387519,4.155455685916665
1.0344225775102154,1.1950348058582958,1.1969753508275143,1.1950348058582954,2.409164595135213,2.4506266286624547,1.1969753508275145,2.450626628662455,3.212863997462123
2.5174831801044517,0.5976998143290768,-2.8866977975891808,0.5976998143290772,0.5174317218766086,-0.8552637565830711,-2.8866977975891817,-0.8552637565830709,3.6513531337831404
2.1710032135097497,-0.9843837062919216,0.5446326155530449,-0.9843837062919217,0.7513084465813099,-0.26824852409911953,0.544632615553045,-0.2682485240991194,0.3881517441544442
0.3051576009169588,0.17860608577716636,-0.008249469028940387,0.17860608577716638,0.7013058839588745,0.21714884649258687,-0.00824946902894038,0.21714884649258687,0.5207781589514391
0.5800161969426083,-0.03142322121772457,-0.2400255160741104,-0.03142322121772456,0.23111825216486598,-0.07634132891612913,-0.24002551607411046,-0.07634132891612912,0.5098310401976744
1.2181780530418482,0.3197705917799193,0.07252535555478926,0.31977059177991934,0.7518705435491981,-0.3241495171561962,0.07252535555478921,-0.3241495171561962,1.0035718817874384
0.40270170816301215,0.11115951143465552,-0.07406206405532981,0.11115951143465547,0.7516192811385229,-0.9113227019438246,-0.07406206405532968,-0.9113227019438243,1.542250367431099
0.66123092305549,-0.07060695573723715,0.27185358254923436,-0.07060695573723716,0.28885322608738806,-0.216112847158892,0.27185358254923436,-0.216112847158892,0.6636054011036976
0.7533563399217117,0.0008573623590811888,-0.06937621117507863,0.0008573623590811888,0.23724757860835582,0.11388687043448575,-0.06937621117507861,0.11388687043448575,1.549632071823715
0.42501909717961767,0.2603436805115996,0.026027723634478382,0.2603436805115997,0.7100195612004631,0.07184659719823197,0.026027723634478393,0.071846597198232,0.39274417268174305
0.30992722292000136,0.07976443434274934,-0.04879687099247177,0.07976443434274934,0.4490429032568316,-0.017671159985041537,-0.04879687099247178,-0.017671159985041537,0.44313510090799973
1.5975045578912763,0.6179309114306778,-0.952282906300629,0.6179309114306777,0.7478934358428282,-0.22771844060154556,-0.9522829063006291,-0.2277184406015457,1.2873346911712562
0.17470929454828327,0.0013109984546419394,0.015338276593668567,0.0013109984546419411,0.8315173341893339,0.8559327091861746,0.015338276593668569,0.8559327091861744,1.6265556648210562
1.3064282362678412,0.267521317979343,-0.3123351186006792,0.267521317979343,0.7920536365314279,-0.43525293093298817,-0.3123351186006792,-0.43525293093298817,0.7849766585659396
0.3126690048162948,-0.14297791588633155,-0.03714063589854401,-0.14297791588633157,0.44306835246624193,0.17713473874653252,-0.03714063589854402,0.17713473874653252,0.5093618122036729
1.8659785090889087,-0.976508973978582,-0.4260872157116351,-0.9765089739785822,1.3293802107500832,0.5246016181448397,-0.42608721571163516,0.5246016181448397,0.7532042080104401
0.4029796954112662,-0.04440933081351345,-0.05732376963560148,-0.04440933081351345,0.996597634261488,0.6513904257075493,-0.05732376963560148,0.6513904257075493,0.779835338200079
0.7248188330732219,0.11094646103685082,-0.09825176865745396,0.11094646103685084,0.82532535920352,-0.257249802327914,-0.09825176865745397,-0.257249802327914,0.6367595940218604
0.3048474861394824,0.21331242078265591,-0.08459510995951833,0.21331242078265586,0.7389937021587651,-0.19792562355310006,-0.08459510995951833,-0.19792562355310006,0.6119178626654447
0.25812444644585625,0.1169154354056864,0.06861673750853436,0.11691543540568637,0.21230777089226427,-0.02696671552474663,0.06861673750853436,-0.02696671552474662,0.37339847795155484
1.6204610639217563,0.34406913725275806,-0.8339820951777223,0.34406913725275806,0.6068323719980406,-0.44246896019268817,-0.8339820951777223,-0.44246896019268817,1.0004204042350728
1.104038149946152,0.734342376815942,0.08816346289908733,0.734342376815942,1.3094768429988397,0.3497099886579023,0.08816346289908732,0.34970998865790226,0.44570914960317704
0.4348034984130028,0.5416873273975533,0.4866284483746419,0.5416873273975533,5.663346037680543,3.0993735192491005,0.48662844837464214,3.0993735192491,2.026330092957278
1.5113241224829685,1.2580385192931602,-0.919932757169375,1.25803851929316,1.516875668333063,-0.6095486291777692,-0.9199327571693751,-0.6095486291777694,0.9964117918328953
0.21007520287094658,-0.0077308568831505955,-0.0929080186105498,-0.007730856883150582,0.44149656961917616,-0.1914111188305887,-0.09290801861054984,-0.1914111188305887,0.5253688064428204
0.4424892685177213,-0.2689536553146544,0.22308460836567715,-0.26895365531465437,0.5036936526671838,-0.18309108096324697,0.22308460836567712,-0.183091080963247,0.4800529195736942
1.5320808281555718,0.3677417326252052,-0.20236444379123342,0.36774173262520515,0.8141141432936408,0.1629296787393077,-0.20236444379123353,0.1629296787393077,0.3348184196787121
0.4737854049286082,-0.2299361329992689,0.06064278441909389,-0.2299361329992689,0.9637196522654078,0.3248004176897837,0.06064278441909389,0.3248004176897837,1.489378816378374
0.5798158547865385,-0.014263795397268002,-0.03156912912645945,-0.014263795397268002,2.048929032653662,-0.14225102185073643,-0.03156912912645945,-0.14225102185073643,0.20733893263278025
1.2098672982114693,0.6501150633649808,-0.4602263470790503,0.6501150633649808,1.0769224019337231,0.09635052679454233,-0.4602263470790504,0.0963505267945422,2.209758523043278
0.6526246154757318,0.21835803546329896,0.04874817719944578,0.21835803546329888,0.7200095865839127,-0.21339111777704894,0.048748177199445776,-0.21339111777704894,0.5916207302865316
2.7349250933260967,-0.47166047760644764,0.5041648236217403,-0.47166047760644725,0.7115169243834413,0.2465654395813611,0.5041648236217411,0.246565439581361,0.6183077367385502
0.9309906032833305,-0.08324175106461677,0.1677444200496798,-0.08324175106461676,0.5408397978356514,-0.14897682424141342,0.16774442004967982,-0.14897682424141345,0.2954259679325405
0.742739223963629,0.11949044225345581,0.14836518330690734,0.11949044225345583,0.37326614023332205,0.1623703418149827,0.14836518330690734,0.1623703418149827,0.5407956012826685
1.1371547401955548,0.5567763896348497,0.008387024859668822,0.5567763896348498,0.5572092712510859,-0.17682450950229417,0.008387024859668695,-0.17682450950229422,1.4065097261022086
1.1246371414326288,0.05585451610278242,-0.17695917123816113,0.0558545161027824,0.26008276191569774,0.05650541647639666,-0.17695917123816118,0.05650541647639666,0.31574176670266046
0.35202350347920086,-0.1814607449965617,0.23127727512709076,-0.18146074499656173,0.9842567093069247,0.1314149579877594,0.23127727512709073,0.13141495798775943,0.7617552356072974
0.615164649938134,-0.41340908807047705,0.18080746930825334,-0.413409088070477,2.0331237792114956,-0.933443207821615,0.18080746930825328,-0.933443207821615,0.706470943637162
1.0269382446286424,-0.25312906823246434,-0.5153546770381746,-0.2531290682324644,0.6239746589659785,0.2711749467492684,-0.5153546770381747,0.2711749467492684,0.8098374369596222
