y1_y1,y1_y2,y1_y3,y2_y1,y2_y2,y2_y3,y3_y1,y3_y2,y3_y3
0.8360014525799644,-0.21481024563702872,0.4443774682784472,-0.21481024563702872,0.4365661441045421,-0.00015237514794079522,0.4443774682784472,-0.00015237514794079522,0.8816149147941343
0.6816925271574549,-0.15027680458057743,0.10070708528446858,-0.15027680458057743,0.5431260840719649,0.06048189009356485,0.10070708528446858,0.06048189009356485,0.3270653036448216
0.2942188801119938,-0.017646789841463652,0.09378776218373618,-0.017646789841463652,0.38167467372604746,0.2392185385275473,0.09378776218373618,0.2392185385275473,0.6056696275229468
4.669216178379953,-2.842168561757239,1.8713069473114996,-2.842168561757239,2.188442976073702,-1.284372871484726,1.8713069473114996,-1.284372871484726,0.9901744490391265
0.585449143283443,-0.3177772663027313,0.23959248307311476,-0.3177772663027313,0.663767332073884,-0.25555831337772306,0.23959248307311476,-0.25555831337772306,0.5877458377696714
2.76071825387517,-1.8428660573819893,-0.3549093834463883,-1.8428660573819893,2.009926450425466,0.18614745701078014,-0.3549093834463883,0.18614745701078014,0.30287076507281097
0.562892460582497,-0.3897232832035887,-0.10244126745944304,-0.3897232832035887,1.0311608499722063,0.15475079159920793,-0.10244126745944304,0.15475079159920793,1.0015577627598957
1.7792371917200187,-0.18012786987416302,0.2251450796145726,-0.18012786987416302,0.312609568555999,0.18198151468931786,0.2251450796145726,0.18198151468931786,0.6394711018127675
3.3732009869273094,-1.0469181597119435,1.6618332714276332,-1.0469181597119435,0.7514201464983111,-0.723829929236991,1.6618332714276332,-0.723829929236991,1.9627884343363782
0.8567794693788475,-0.010204287192192976,0.434157650149921,-0.010204287192192976,0.5728771669403033,-0.17909021549157922,0.434157650149921,-0.17909021549157922,0.676854474574243
0.48082134286862077,0.09997200228429019,0.046866629790114384,0.09997200228429019,0.7698711144231201,-0.16728460903793135,0.046866629790114384,-0.16728460903793135,0.6292738089987706
2.1372415298519947,-3.2082348851372684,-0.3522441311810375,-3.2082348851372684,6.355322676296652,0.676529272177121,-0.3522441311810375,0.676529272177121,0.29019032670770634
0.4619111423156444,0.030591865164174177,0.31077459487157916,0.030591865164174177,0.7596617721104864,0.21316676013080432,0.31077459487157916,0.21316676013080432,0.7198068570984203
0.5078280907350412,0.17543541463874554,-0.01581760959705698,0.17543541463874554,0.28071361808552686,0.0033879043253859783,-0.01581760959705698,0.0033879043253859783,0.3722333288952853
0.9853210057428266,-0.4572192447000887,-0.31594744713301787,-0.4572192447000887,0.6421617227462759,0.5778055312753699,-0.31594744713301787,0.5778055312753699,1.1699534768914475
2.4629097141062126,-0.9575492614094283,0.10455019507124881,-0.9575492614094283,0.8544345989180051,-0.4753380190181828,0.10455019507124881,-0.4753380190181828,1.2650418020299494
0.7968506140255042,-0.7462392572957334,0.3774730767080777,-0.7462392572957334,1.2209775565584018,-0.493605119281236,0.3774730767080777,-0.493605119281236,0.5522323917006313
0.4231944641116636,0.07579062959946846,-0.05690755996813758,0.07579062959946846,0.431152169378892,-0.22288227806077798,-0.05690755996813758,-0.22288227806077798,1.2710974693027997
0.4856333118863122,0.4305089140713763,0.38308642378609076,0.4305089140713763,1.4541675388394175,0.5517872546922609,0.38308642378609076,0.5517872546922609,1.1463300347129626
0.24748599089136877,-0.12032409720180262,0.07728637903755016,-0.12032409720180262,0.5770983867652382,-0.45093629834781146,0.07728637903755016,-0.45093629834781146,0.6397141987677467
3.577640769340706,-1.994159542053729,-0.4276267348962607,-1.994159542053729,2.6749761349854952,0.5223752151691394,-0.4276267348962607,0.5223752151691394,0.4269188714781281
0.732259988189918,-0.08606386752037265,0.19320128614618728,-0.08606386752037265,0.4853772556167911,-0.12757476700147635,0.19320128614618728,-0.12757476700147635,0.5936422452439386
0.577088862801647,-0.3119351957808057,0.49606739760130536,-0.3119351957808057,1.118462060368411,-0.49969064239333605,0.49606739760130536,-0.49969064239333605,0.830384193516965
0.6795303373834058,-0.15636268938386208,-0.1700803933152223,-0.15636268938386208,0.42363631596238205,0.043631628144866305,-0.1700803933152223,0.043631628144866305,0.2410591634139469
2.4905159637816054,-0.8424587036731144,0.7570194382440227,-0.8424587036731144,1.2478871572112422,-0.40549459174774105,0.7570194382440227,-0.40549459174774105,0.5081643774805207
0.48311989701366775,0.017296241487355493,-0.36134506940190003,0.017296241487355493,0.5039193174123574,0.334148167774227,-0.36134506940190003,0.334148167774227,0.9685890513123157
3.6000256840815146,-0.5025835716472462,1.647892897688195,-0.5025835716472462,0.36390170683318995,-0.2807545968693699,1.647892897688195,-0.2807545968693699,0.9591389238310583
1.4343866538196195,-0.5746424248895264,0.9880454757179088,-0.5746424248895264,0.9724030521388566,0.3100837157177882,0.9880454757179088,0.3100837157177882,2.6317101735355606
0.2194001813893629,0.11778651723539033,0.022397411813384557,0.11778651723539033,1.745759095313377,-0.141090207550683,0.022397411813384557,-0.141090207550683,0.24924097512104054
1.0103258510219602,0.24267157855108618,0.3714349790784682,0.24267157855108618,0.7457874195180015,0.5277942742015583,0.3714349790784682,0.5277942742015583,0.8148624150410787
0.4856893268000377,-0.4587499393946758,-0.13269762058530543,-0.4587499393946758,1.8781169285572556,0.18106414763624556,-0.13269762058530543,0.18106414763624556,0.4233049818237879
1.387884868902921,-0.6517614910746589,0.26369634755683047,-0.6517614910746589,0.949146128491903,-0.2786351770170922,0.26369634755683047,-0.2786351770170922,0.3720249917000987
1.5379254584932682,-0.29893683880567284,-0.3046401896641411,-0.29893683880567284,0.539623395928354,-0.0786455312671649,-0.3046401896641411,-0.0786455312671649,0.3932501930681836
1.106567286415559,-1.2952170679719663,0.017968059028743204,-1.2952170679719663,2.2436438122178957,0.4472786044774471,0.017968059028743204,0.4472786044774471,1.0321958040983865
0.5852737831345611,0.0881844252644472,-0.43504530183108875,0.0881844252644472,0.5654695041365309,0.045752102936436195,-0.43504530183108875,0.045752102936436195,0.9839844057487317
0.8829374759920312,-0.09269688919945214,0.40881573592111603,-0.09269688919945214,0.8134519157014733,-0.18735077894817503,0.40881573592111603,-0.18735077894817503,0.6321113108155695
0.9500589435011277,0.5898617298762434,0.08970214246346579,0.5898617298762434,0.656661507617619,0.15353001766252564,0.08970214246346579,0.15353001766252564,0.522275547243961
0.5762871697159584,-0.32961867751230534,0.17337271453012104,-0.32961867751230534,0.5591301299721116,0.011715731819824073,0.17337271453012104,0.011715731819824073,1.2437934718450048
1.1457131618497978,-0.8026218660316534,-0.041656506173831154,-0.8026218660316534,1.2365724438239714,0.11739673142567104,-0.041656506173831154,0.11739673142567104,0.5152010539900145
3.5944607729273725,-2.108204301727883,-0.011283316137227247,-2.108204301727883,1.9743735197685595,-0.1561974731574204,-0.011283316137227247,-0.1561974731574204,0.30375570752935105
4.434325335272704,-4.464527500753667,-0.750961561006409,-4.464527500753667,5.02815157784472,0.8997322036473009,-0.750961561006409,0.8997322036473009,0.7812523948980699
0.6269621984531033,-0.07059372699665108,0.1981433496569535,-0.07059372699665108,0.43771136732280186,0.1445450273940428,0.1981433496569535,0.1445450273940428,0.9730591082434876
1.1418057055566893,-0.1864938383229802,0.08284744420017683,-0.1864938383229802,0.29607219044461347,-0.1603679840005462,0.08284744420017683,-0.1603679840005462,0.5319517789341247
0.6033137364461726,-0.007011856782833933,0.21093340080581027,-0.007011856782833933,0.37254250007228995,0.5625262771789467,0.21093340080581027,0.5625262771789467,2.096053517542358
1.7742222802668672,0.9760091018615007,0.500001022233668,0.9760091018615007,1.019020412365105,0.22847241676356927,0.500001022233668,0.22847241676356927,0.7366965142171428
0.5534626114543008,-0.13151849856229145,-0.09123941029769472,-0.13151849856229145,0.2923212142179083,0.1415528126484133,-0.09123941029769472,0.1415528126484133,0.6125828708325246
0.42315751913937655,-0.03717173230851334,0.06424690906479205,-0.03717173230851334,0.7140806021759911,0.1565553677325857,0.06424690906479205,0.1565553677325857,0.32793562951628114
0.9329216679743062,-0.5078413243960587,0.4718800798072381,-0.5078413243960587,0.7855516228623713,-0.3797867819811139,0.4718800798072381,-0.3797867819811139,0.709268844786684
0.38731174619008657,-0.07477615429755086,0.005854561141771996,-0.07477615429755086,0.6423058032165904,-0.09522062709070896,0.005854561141771996,-0.09522062709070896,0.7892353984992753
1.9743004464969,1.0298789963703165,0.40508483080762275,1.0298789963703165,0.9991984624384196,0.2670975432610658,0.40508483080762275,0.2670975432610658,0.3722205722967683
