0.3088896184387212,-0.104510932794672,0.1275904031889287,-0.104510932794672,0.36459234788306716,-0.14726081939695246,0.1275904031889287,-0.14726081939695246,0.2501366480301357
0.34125469775239997,-0.2001282613585914,0.011958804221473777,-0.2001282613585914,0.320156829102974,-0.10318820379249471,0.011958804221473777,-0.10318820379249471,0.4177458933985486
0.9638010047777164,-0.7778259916102666,-0.046366871021581775,-0.7778259916102666,0.8637760000294045,-0.02221635539141526,-0.046366871021581775,-0.02221635539141526,0.18165825240913414
1.3917868823963078,-1.3473888534631122,-0.6154788270340751,-1.3473888534631122,1.5969768820172061,0.6600571007942116,-0.6154788270340751,0.6600571007942116,0.4663127764692687
0.680542218751915,-0.224691670212981,0.17875033211280675,-0.224691670212981,0.2743438051922073,-0.03694903764759144,0.17875033211280675,-0.03694903764759144,0.2604621218736278
2.0937480128818886,1.2910473995723164,-0.8384271409590729,1.2910473995723164,1.2222308803790785,-0.5776819702225382,-0.8384271409590729,-0.5776819702225382,0.53457058083858
9.933845141987385,-3.6436555263668557,-6.0267967348374425,-3.6436555263668557,1.4603998998679415,2.2642577264912602,-6.0267967348374425,2.2642577264912602,3.9339894897975984
0.3431065728882202,-0.140429806860006,0.15374764877116212,-0.140429806860006,0.38034414621539614,-0.24887072855630535,0.15374764877116212,-0.24887072855630535,0.4059147952195621
0.6413843911694965,-0.35878006694429276,0.13866931186533107,-0.35878006694429276,0.42496844549568197,-0.12208210108877128,0.13866931186533107,-0.12208210108877128,0.26866889471984323
0.46303002783452635,-0.16326734425349484,-0.0055643675183318485,-0.16326734425349484,0.18425790936597988,0.06538405956346598,-0.0055643675183318485,0.06538405956346598,0.14680205639906277
0.3328904940293198,-0.1146823854314042,-0.09688693618308535,-0.1146823854314042,0.29873104642014653,0.08829422105895729,-0.09688693618308535,0.08829422105895729,0.23809976062328386
1.1149282643940648,-0.45703842811914486,0.12204130798283208,-0.45703842811914486,0.7226661481541939,-0.08154159086325813,0.12204130798283208,-0.08154159086325813,0.8347654071248565
0.452192340790478,-0.38084219472576064,-0.0023896987434690333,-0.38084219472576064,0.7577233487175584,-0.040402203441088455,-0.0023896987434690333,-0.040402203441088455,0.0903720990327901
0.793000157669379,-0.2729870008097812,-0.11651700965332266,-0.2729870008097812,0.4249624418316753,0.010748190199259872,-0.11651700965332266,0.010748190199259872,0.2011963656200198
0.3017319849360852,-0.027948060218963615,-0.02023701254138748,-0.027948060218963615,0.48088751432573007,0.30273851521320255,-0.02023701254138748,0.30273851521320255,0.4527761293388487
0.527968037800096,-0.6684776416324507,-0.10647680736314571,-0.6684776416324507,1.0867290060548003,0.17679880712805218,-0.10647680736314571,0.17679880712805218,0.4434599062823397
0.26478756025368105,-0.34719853713787413,-0.05294680341089123,-0.34719853713787413,0.9018098451855147,0.2608559653203776,-0.05294680341089123,0.2608559653203776,0.38380888177564143
0.3074381553208964,-0.05042662601920815,0.029486515724327717,-0.05042662601920815,0.6263947246779058,-0.13563500713230556,0.029486515724327717,-0.13563500713230556,0.13216614122282044
0.6355603959510661,-0.22647342431769696,-0.23123931042574342,-0.22647342431769696,0.39392928366942703,0.10601591327423118,-0.23123931042574342,0.10601591327423118,0.15367309858644562
2.7376463943446536,0.8148750804806328,1.2635074552797378,0.8148750804806328,0.49364951744446395,0.3504633095773529,1.2635074552797378,0.3504633095773529,0.7404255615119245
1.367335366836525,-0.6148444034388196,0.34438329708342896,-0.6148444034388196,0.48895465849210745,-0.21211655422041978,0.34438329708342896,-0.21211655422041978,0.2405098708134864
0.25055713058143514,0.20147080109130114,0.1443988418726686,0.20147080109130114,0.7155960650301607,0.01969980594738591,0.1443988418726686,0.01969980594738591,0.36921136787862074
0.9199096744646632,-0.8340623743592671,-0.07977283654037169,-0.8340623743592671,1.3233214474532073,0.089168899053309,-0.07977283654037169,0.089168899053309,0.0958824163966726
1.7031329155068367,-0.5903301097113689,-0.8211087443266479,-0.5903301097113689,0.4433824130229732,0.41984277020858407,-0.8211087443266479,0.41984277020858407,0.880163358103875
0.4885894599036844,0.050886535403512956,-0.07326143633438399,0.050886535403512956,0.40700611709194406,0.030642629029909576,-0.07326143633438399,0.030642629029909576,0.24147062157313437
0.7742005220867844,-0.27930248877956587,0.35409402011689123,-0.27930248877956587,0.3283343265540143,0.05384065038684281,0.35409402011689123,0.05384065038684281,0.8274007834578571
1.8040203240693653,-0.3486265795578969,0.2925787350692432,-0.3486265795578969,0.28284470402717876,-0.11365414069441249,0.2925787350692432,-0.11365414069441249,0.27011082155289906
1.3833844361166938,0.034799848263531614,-0.025705977160266156,0.034799848263531614,0.34319148790964854,0.037280670949044234,-0.025705977160266156,0.037280670949044234,0.19209843766218967
0.926936907891978,-0.1268802956658879,0.05713310587635283,-0.1268802956658879,0.1597324584477518,-0.0699637243121924,0.05713310587635283,-0.0699637243121924,0.2661096616552478
0.8214681651162814,-0.6734618763493656,-0.10309211232890911,-0.6734618763493656,0.9681491047420865,0.2657561857952748,-0.10309211232890911,0.2657561857952748,0.42244570005416215
0.3872239197835069,0.22830921963980969,0.02588279078945163,0.22830921963980969,0.4965111979061172,0.07193347102612414,0.02588279078945163,0.07193347102612414,0.10958953098442009
0.3005759970244555,0.03480009713880996,-0.037311938238024735,0.03480009713880996,0.1616497506866935,0.054305907848006846,-0.037311938238024735,0.054305907848006846,0.1921419639610793
0.2658485888116687,0.005940016056263729,0.11693376679167412,0.005940016056263729,0.20351511790243065,-0.060775947718718776,0.11693376679167412,-0.060775947718718776,0.20673596147125525
0.5887451328195381,-0.38197339034535877,0.3485934239737884,-0.38197339034535877,0.5244008329577564,-0.3883794713805418,0.3485934239737884,-0.3883794713805418,0.5159823410857016
3.606764245426549,-2.7820725628936667,-0.12217287797011718,-2.7820725628936667,2.518100940879574,0.08251765644208145,-0.12217287797011718,0.08251765644208145,0.1492354588985231
1.356897365912269,-1.5597701297642255,0.16068101946804703,-1.5597701297642255,2.717764798178072,-0.2965420878791158,0.16068101946804703,-0.2965420878791158,0.1456652328385136
0.30701729338150097,-0.1094357419281344,-0.013204349463622802,-0.1094357419281344,0.35389349622177224,-0.25515967944606166,-0.013204349463622802,-0.25515967944606166,0.5356429088502656
0.1331919607173754,0.03346442315590642,0.02175688234771836,0.03346442315590642,0.4042326420702218,-0.08910593570583775,0.02175688234771836,-0.08910593570583775,0.20165561312977184
0.35220885720880263,-0.04621690898774997,-0.04422725606992282,-0.04621690898774997,0.18122603545206833,-0.03201499223559987,-0.04422725606992282,-0.03201499223559987,0.2120780269335137
2.10857265038172,-1.1354604631585867,0.3461115338391019,-1.1354604631585867,0.9374729623247858,-0.18643520893309773,0.3461115338391019,-0.18643520893309773,0.3627532969070819
1.193009117533526,-0.40192481766510985,0.13482443141930225,-0.40192481766510985,0.5115778658099727,0.03623867769581355,0.13482443141930225,0.03623867769581355,0.18987004561218426
0.46858377199792056,-0.30728021003794226,0.3340431829957907,-0.30728021003794226,0.6388087883937474,-0.29017912990467454,0.3340431829957907,-0.29017912990467454,0.42517509106190265
0.5856091044217592,-0.23773914068766147,0.4175907406689676,-0.23773914068766147,0.49167184995290325,-0.03502025972412372,0.4175907406689676,-0.03502025972412372,0.6866763923855284
0.5402957596533902,0.05316228926492504,0.19596711691986987,0.05316228926492504,0.32898515230186653,0.03347220075120293,0.19596711691986987,0.03347220075120293,0.29534710749634313
0.48875966431201867,-0.26744365256830793,0.2457275748578637,-0.26744365256830793,0.5923227794311563,0.10041938956922876,0.2457275748578637,0.10041938956922876,0.7314149658646028
0.25756660491210603,-0.0822962702887787,0.04834238862852338,-0.0822962702887787,0.2559229441634988,-0.1102703336139931,0.04834238862852338,-0.1102703336139931,0.6661547940385543
0.3784164279784074,-0.0659278006971468,0.2309741645633375,-0.0659278006971468,0.11237618396680585,-0.060498440766272456,0.2309741645633375,-0.060498440766272456,0.27301431949008403
0.4688238951061635,-0.2879301541373105,0.007005241912716569,-0.2879301541373105,0.47293072021946536,-0.08818486958863662,0.007005241912716569,-0.08818486958863662,0.33954384618642564
0.5313682039972182,-0.23322408913034665,-0.12193686104024694,-0.23322408913034665,0.3830954349448021,-0.006046464259065345,-0.12193686104024694,-0.006046464259065345,0.29039700393404644
0.5937241222763898,0.16645830572240775,-0.013320335076356167,0.16645830572240775,0.2916924005166419,-0.03632720363745406,-0.013320335076356167,-0.03632720363745406,0.1462625923572529
