y1_y1,y1_y2,y1_y3,y2_y1,y2_y2,y2_y3,y3_y1,y3_y2,y3_y3
1.1922785132409468,-0.9661588011770879,-0.30241118161912867,-0.9661588011770879,1.9765388348431616,0.45660437268412196,-0.30241118161912867,0.45660437268412196,1.0054870125135877
0.9551664563043627,0.3001811475185879,-0.37252814658128747,0.3001811475185879,1.8694428998941308,0.07335170335504482,-0.37252814658128747,0.07335170335504482,0.6853541100644922
0.595586838281433,-0.15505622944432218,0.28855154065226046,-0.15505622944432218,0.9834326554564319,-0.268155777803276,0.28855154065226046,-0.268155777803276,1.1825899449349457
1.4706166511546204,-0.7838122513190253,-0.4744655938623195,-0.7838122513190253,0.6262618765380872,0.3462984040588856,-0.4744655938623195,0.3462984040588856,0.5322704607557397
0.6724835405645689,0.1486255313502246,0.2933264657144051,0.1486255313502246,0.417548186756495,0.11982128980696964,0.2933264657144051,0.11982128980696964,0.4692509938297254
0.6019598833894286,0.042069043258840234,-0.06347831868595391,0.042069043258840234,0.4335679957672108,-0.6058611770809129,-0.06347831868595391,-0.6058611770809129,1.5886553089753515
0.9568452763406871,-0.4099333658221886,0.4474416811901889,-0.4099333658221886,0.7057821503079817,-0.691571084382589,0.4474416811901889,-0.691571084382589,1.75080553067569
1.9826609001840634,-1.7265797236416658,-0.13747757486659828,-1.7265797236416658,1.91730129076957,0.1895226228848585,-0.13747757486659828,0.1895226228848585,0.3603678725591121
1.3026889371973995,0.07100926650238021,-0.5042396683437982,0.07100926650238021,2.2339871476304496,-0.4747075897946422,-0.5042396683437982,-0.4747075897946422,0.5235367547514712
2.060372783649086,-0.06270616882014873,0.7519875949438645,-0.06270616882014873,0.7591395064835927,-0.3145082135794926,0.7519875949438645,-0.3145082135794926,0.7903096313101395
0.8923179400288742,-0.584173810941159,0.1653389681111836,-0.584173810941159,0.909489167739267,0.017594949910845273,0.1653389681111836,0.017594949910845273,0.6774300727680371
1.6855426277313668,-1.9060035315855277,-0.40631646518156345,-1.9060035315855277,2.6003986309092655,0.6692523628778831,-0.40631646518156345,0.6692523628778831,1.014406207631567
0.5778019090772281,-0.1637962714072193,-0.29848209963424643,-0.1637962714072193,0.47161841992151265,0.05320491066078643,-0.29848209963424643,0.05320491066078643,0.45363747243414304
2.348819895503584,-0.437494470568623,0.2235334421075414,-0.437494470568623,0.45797349134294385,-0.05711062975871356,0.2235334421075414,-0.05711062975871356,0.32569247008525687
1.65312499872785,0.19967686842656743,-0.14214832973503,0.19967686842656743,0.1897405213660474,0.0005956573552547568,-0.14214832973503,0.0005956573552547568,0.17898792168283337
0.4705653088166707,0.10677068855452823,0.28031693876733926,0.10677068855452823,0.4625728867229103,0.2604365799481597,0.28031693876733926,0.2604365799481597,0.7797179019934983
1.1461468650665254,-0.4016419294762057,0.13955194127615142,-0.4016419294762057,0.6467603541479098,-0.17747107655998287,0.13955194127615142,-0.17747107655998287,1.3338285922660846
1.6844810518621465,-0.766666909548176,0.46297966122616485,-0.766666909548176,1.125385885980304,-0.1667180143274406,0.46297966122616485,-0.1667180143274406,0.3804873765453015
0.9999528023740144,-0.8665119694547814,0.056726905537121404,-0.8665119694547814,1.357053046087049,-0.22962465882666744,0.056726905537121404,-0.22962465882666744,0.5496102358747744
5.8492297431915325,-4.6986864891397255,-1.060841595062863,-4.6986864891397255,4.478892302748254,0.9876788744556521,-1.060841595062863,0.9876788744556521,1.0134060472056592
0.2937057673559736,0.0009276891319535351,0.09390305067103433,0.0009276891319535351,0.23644802207087004,-0.01388701665902595,0.09390305067103433,-0.01388701665902595,0.9872100692252012
0.7570351954802267,0.450957933279643,0.7715485591133875,0.450957933279643,1.7860869284498502,0.6018663262300603,0.7715485591133875,0.6018663262300603,1.1679045948253879
1.0782082638688064,-0.7273028175735565,0.04199181458618918,-0.7273028175735565,1.2102631638616672,-0.23640465641253147,0.04199181458618918,-0.23640465641253147,0.6747756068642019
0.17180547712890246,-0.07963504268059625,-0.12864914055701004,-0.07963504268059625,0.8879577699000101,0.7779982186055253,-0.12864914055701004,0.7779982186055253,1.3127076991625384
0.7838957527869691,0.13828714466789285,0.2593951511707742,0.13828714466789285,0.30221685139104687,0.01669512900433192,0.2593951511707742,0.01669512900433192,0.4685893623073884
1.0727505647375186,-0.4168306120947134,-0.06383582636632949,-0.4168306120947134,0.40527207327325043,0.00383010599902926,-0.06383582636632949,0.00383010599902926,0.3087989971001247
0.6190206595264105,0.5470109801293253,-0.15460692487544872,0.5470109801293253,1.1985224481984795,-0.15589268882413598,-0.15460692487544872,-0.15589268882413598,0.3479150068669359
0.49232768580963693,0.10746798491003012,-0.013599889549333001,0.10746798491003012,0.6665719103557081,0.08339928437340662,-0.013599889549333001,0.08339928437340662,0.2746899429629924
0.39428079994940296,0.04780768031318785,0.00036325947267694175,0.04780768031318785,0.5220780172429714,0.01972769230956581,0.00036325947267694175,0.01972769230956581,0.36528444678828503
0.37440323672240583,0.009524225138939007,-0.10882319816215241,0.009524225138939007,0.3448992133470956,-0.2419012163484155,-0.10882319816215241,-0.2419012163484155,2.0205008060795504
1.5088370122374997,-0.5525340092510824,-0.06753810294572804,-0.5525340092510824,0.6986407896897256,0.10088546743074682,-0.06753810294572804,0.10088546743074682,0.5835944066586736
0.32529462564172024,0.06764153598904019,0.2758729275467136,0.06764153598904019,0.6021878043606519,0.20974352460489532,0.2758729275467136,0.20974352460489532,1.139536525423586
1.417037218434561,0.12689109487644723,0.5264408972663489,0.12689109487644723,1.468394723136365,-0.42579439200119645,0.5264408972663489,-0.42579439200119645,0.8054861065936472
0.5615858143265933,-0.004909145488047401,0.04744037456448598,-0.004909145488047401,1.1697210969089853,-0.8797678552234577,0.04744037456448598,-0.8797678552234577,1.2165019874534748
1.220241354331433,0.9452989110695906,0.9072981810335067,0.9452989110695906,2.1311137283579433,0.99581733164474,0.9072981810335067,0.99581733164474,1.3803691946746623
4.275167822742844,-3.948818074409174,0.14591613821509727,-3.948818074409174,4.7251833994805725,-0.4200091880718017,0.14591613821509727,-0.4200091880718017,0.4716319518129721
0.58608109119511,0.06392312646959494,0.12223878486616276,0.06392312646959494,0.2513406624811322,-0.08851926781131644,0.12223878486616276,-0.08851926781131644,0.2850913170554104
2.846076082515347,0.27528710199302164,0.1468647678881655,0.27528710199302164,0.2785530055255674,-0.27398353722355817,0.1468647678881655,-0.27398353722355817,0.9635581240280762
0.736857440075122,0.49406314133515855,-0.12324361212487235,0.49406314133515855,2.250895049765247,-0.6237847202558259,-0.12324361212487235,-0.6237847202558259,0.8546485115650267
1.1978068785951925,0.15035160555698318,0.6099957145637442,0.15035160555698318,1.5043149992487272,-0.7027981334977746,0.6099957145637442,-0.7027981334977746,1.275567213079609
0.9353958974193775,0.5144410045267256,0.706666064264983,0.5144410045267256,0.6898677185718943,0.5780257038735398,0.706666064264983,0.5780257038735398,1.8479463292620852
0.5127389975416283,0.10159792949790422,0.2034962186362338,0.10159792949790422,0.6998033357584681,0.238090845166801,0.2034962186362338,0.238090845166801,1.2850348014903135
0.5598323631601103,-0.8032802564747012,-0.29977729959940025,-0.8032802564747012,2.0898521523061624,0.7773948614430115,-0.29977729959940025,0.7773948614430115,0.5048297220628665
4.370502073232522,-1.169051087769543,0.21339489032935458,-1.169051087769543,0.5945186348782945,-0.09017566750245552,0.21339489032935458,-0.09017566750245552,0.29362169879029737
0.71963245370013,0.5831776052617643,-0.4169549118023979,0.5831776052617643,2.315214781765097,-1.1376077272224983,-0.4169549118023979,-1.1376077272224983,1.1793898333675399
0.9293898622093064,-1.097377054045554,0.163846734891668,-1.097377054045554,2.975474568131105,-0.26658249116861826,0.163846734891668,-0.26658249116861826,0.3276409376947731
0.8600522996615141,-1.095871769811902,0.36264610814933984,-1.095871769811902,1.868655313769573,-0.6234087166129872,0.36264610814933984,-0.6234087166129872,0.4502972263704098
0.4222854981223455,0.117675893968094,-0.09437522863485527,0.117675893968094,1.1977114012863823,-0.5785714827152361,-0.09437522863485527,-0.5785714827152361,1.1844265217614953
0.4511589579617123,-0.14142968163263386,0.30951625789354675,-0.14142968163263386,1.058852855926047,-0.452723604596213,0.30951625789354675,-0.452723604596213,0.6366812632419329
0.43303629873725125,0.02331726517409744,0.08545763245873156,0.02331726517409744,0.20800868787766522,0.06628833708035273,0.08545763245873156,0.06628833708035273,0.39046632445049784
