0.669111178221957,-0.13005615828408812,-0.267088585270238,-0.13005615828408812,0.5181812164168568,0.09283867894349516,-0.267088585270238,0.09283867894349516,0.3078887631898889
0.4598668626670488,-0.36563384079488087,0.4227429743937562,-0.36563384079488087,0.7035205353207385,-0.558851762840263,0.4227429743937562,-0.558851762840263,0.653171917655175
0.10258414904653042,-0.013080169875925385,-0.02556999731010575,-0.013080169875925385,0.6965458700610562,0.07422178810329878,-0.02556999731010575,0.07422178810329878,0.2554296822600641
0.7755120945640394,-0.015645957994977547,0.10140472353528629,-0.015645957994977547,0.16540783569298892,-0.1346880636278831,0.10140472353528629,-0.1346880636278831,0.25572627352091865
1.5209242183938565,-0.804668700888442,0.9170773913632618,-0.804668700888442,0.7670791130952102,-0.6445354141801732,0.9170773913632618,-0.6445354141801732,0.9080995135526054
0.12427806194319906,-0.0020027230502006757,-0.17041803713862913,-0.0020027230502006757,0.11744253888853488,0.018206499913271456,-0.17041803713862913,0.018206499913271456,0.3926765555394338
6.753941021400285,4.143040359318919,-2.513670636730247,4.143040359318919,2.7620069233620756,-1.6883036265170934,-2.513670636730247,-1.6883036265170934,1.1932741508148064
0.9317446834518033,0.4667476690298352,-0.19260100853164222,0.4667476690298352,0.6921034080672169,0.002959030398363385,-0.19260100853164222,0.002959030398363385,0.45761997080190997
0.8111911462905583,0.22073843684407896,-0.5908236219664323,0.22073843684407896,0.15939775814491497,-0.19785319300618717,-0.5908236219664323,-0.19785319300618717,0.7381199114808624
0.5079788059797428,0.08416063004897517,0.07010850465748081,0.08416063004897517,0.23262892891151607,0.14780633313779562,0.07010850465748081,0.14780633313779562,0.32131719276470305
1.3617860311676329,-0.3807608116698571,-0.8668537043439665,-0.3807608116698571,0.7468297086503211,0.7000597972825979,-0.8668537043439665,0.7000597972825979,1.0277167360809627
1.231551761682894,-0.1883428264443766,0.20706491553363582,-0.1883428264443766,0.3275487211946211,0.0855269187386774,0.20706491553363582,0.0855269187386774,0.2795656133765201
0.38549390880513423,0.3435962299465195,0.09400205996691116,0.3435962299465195,0.7841832789314236,0.15524014402237332,0.09400205996691116,0.15524014402237332,0.09934457310858406
0.2752971252127177,0.1752910906525017,-0.075275513595519,0.1752910906525017,0.5981423635431744,-0.09676794311166088,-0.075275513595519,-0.09676794311166088,0.1952771165061137
0.2737781105558757,-0.027912612782711482,0.17799982496074776,-0.027912612782711482,0.3162014768082695,0.09116490002600354,0.17799982496074776,0.09116490002600354,0.3909128156329936
0.28949603659336715,0.02705322179388753,0.07057788394177349,0.02705322179388753,0.26816496356798536,0.006590224269834694,0.07057788394177349,0.006590224269834694,0.17369066321630222
0.09128106545001863,0.013094620863178223,0.039957190523325144,0.013094620863178223,0.14412619580577163,0.016449083924413178,0.039957190523325144,0.016449083924413178,0.12510772253182112
0.15762825651665022,-0.06480794168102391,-0.07728048263733539,-0.06480794168102391,0.2733610147463717,0.03807014215105572,-0.07728048263733539,0.03807014215105572,0.5977486807420301
0.25347049701303226,-0.10358229877718987,-0.14340128991523476,-0.10358229877718987,0.13988082706216184,0.00039385253004636735,-0.14340128991523476,0.00039385253004636735,0.5939478143062848
0.7483442607710591,-0.2740124862848107,-0.2841671509180805,-0.2740124862848107,0.21189390000292666,0.11399461200357211,-0.2841671509180805,0.11399461200357211,0.22039265128716043
0.9271892392470569,0.6932431256787985,-0.4363649524796697,0.6932431256787985,1.6983908160127887,-0.21476216625386463,-0.4363649524796697,-0.21476216625386463,0.34622970542849574
0.08537091074855488,-0.016846503430690173,0.050238410265762194,-0.016846503430690173,0.14382914537434066,-0.1489888722219393,0.050238410265762194,-0.1489888722219393,0.683340228671398
0.6206986466917892,-0.5906040539526276,-0.21772286234635063,-0.5906040539526276,1.6270012128453317,0.15141303781819862,-0.21772286234635063,0.15141303781819862,0.20630188938126243
0.5695777124761826,-0.27136741618453764,0.18215504977374566,-0.27136741618453764,0.2664623973352884,-0.21226294624090736,0.18215504977374566,-0.21226294624090736,0.26489492015409793
0.25040886650967803,-0.14096358549452093,0.038911926589021435,-0.14096358549452093,0.4266166666549713,-0.08521079404127542,0.038911926589021435,-0.08521079404127542,0.16351405011669073
0.43882017700824827,-1.0247667417228314,-0.8339961986493131,-1.0247667417228314,4.16451140834398,3.8611594654109855,-0.8339961986493131,3.8611594654109855,4.190788158085558
1.9924696387333263,-1.0084397053457907,0.5075119494184042,-1.0084397053457907,0.7195413115736814,-0.17801763529699866,0.5075119494184042,-0.17801763529699866,0.3357714381871197
0.6026701420005588,-0.12591144495864295,0.1428782887529502,-0.12591144495864295,0.23738149593084046,0.0961792251554664,0.1428782887529502,0.0961792251554664,0.34094505561222027
0.5291044218203393,-0.4480195254460413,-0.03079311083721443,-0.4480195254460413,1.0338232918869368,0.10270150111210431,-0.03079311083721443,0.10270150111210431,0.46345399432407786
1.0702613591712506,-1.2913045008226234,-0.11729138951526559,-1.2913045008226234,1.9592834003949011,0.1089096535402551,-0.11729138951526559,0.1089096535402551,0.36333300075548913
0.7751320350722501,0.30927551625644584,0.1515558498409076,0.30927551625644584,0.449767640716001,0.17700103281576102,0.1515558498409076,0.17700103281576102,0.27240143502899283
0.5033052237832556,0.18620211089320782,0.1502138965905015,0.18620211089320782,0.2949165899206485,0.1292696502645374,0.1502138965905015,0.1292696502645374,0.23649628835121733
0.8495191002988572,-0.43867356042240824,0.5043642453859895,-0.43867356042240824,0.4121957614706886,-0.35534119839596406,0.5043642453859895,-0.35534119839596406,0.5742789214052219
0.40079900441957494,0.4761139652062617,-0.1362837883102152,0.4761139652062617,1.00250431405567,-0.15400147167597888,-0.1362837883102152,-0.15400147167597888,0.4299042577990435
0.34117306484050747,-0.1711973821788396,-0.014968964838566426,-0.1711973821788396,0.29028670727530886,0.022174823174644115,-0.014968964838566426,0.022174823174644115,0.1703707648064553
0.7541282641625197,-0.06932117809032988,0.01909772769808955,-0.06932117809032988,0.4371165574693397,-0.1530618159367501,0.01909772769808955,-0.1530618159367501,1.7851471971709474
0.8605172976698796,-0.4768299310708706,0.11235755507240218,-0.4768299310708706,0.6616370428309126,0.09754709751726592,0.11235755507240218,0.09754709751726592,0.3480037729300413
0.3113103393169413,-0.1996355518263621,-0.19558083431866866,-0.1996355518263621,0.44165645279293436,0.17595957480580468,-0.19558083431866866,0.17595957480580468,0.296997269603646
0.6330888124645857,-0.21149884278100448,0.1348106748296133,-0.21149884278100448,1.2625868703326795,0.42985153461986875,0.1348106748296133,0.42985153461986875,0.4538174203426738
0.44081293622780365,-0.01386194376362242,0.09741866775456551,-0.01386194376362242,0.10513665117252044,-0.05256278859575469,0.09741866775456551,-0.05256278859575469,0.24172480707881475
4.325580720933212,1.102769791918505,1.8895100907791205,1.102769791918505,0.4673304406007227,0.5357472704878031,1.8895100907791205,0.5357472704878031,1.0436062056363313
0.48495907985813225,-0.22291972565902723,-0.438982053218632,-0.22291972565902723,0.7308134696374111,0.19177223160213727,-0.438982053218632,0.19177223160213727,0.5222438795324031
0.5248669900849279,-0.1304478742011534,-0.18618429936227396,-0.1304478742011534,0.18666755359074902,0.06687922629485218,-0.18618429936227396,0.06687922629485218,0.36938716851890385
0.6542225188893332,-0.24630875600472074,-0.2937562077883978,-0.24630875600472074,0.22873545637770257,0.12850748040445484,-0.2937562077883978,0.12850748040445484,0.5359952166594156
0.9649908192733285,0.4096337108002672,-0.3668169349833497,0.4096337108002672,0.9017758203928066,-0.41511319377790384,-0.3668169349833497,-0.41511319377790384,0.38116560064217025
0.5990450590093059,-0.4050825774623874,0.09605993873592401,-0.4050825774623874,0.413114897881169,-0.0619624217300065,0.09605993873592401,-0.0619624217300065,0.36571050678246503
0.30796221854744277,-0.07504509757631223,-0.035864773424304754,-0.07504509757631223,0.19057593080707774,0.08310250837924517,-0.035864773424304754,0.08310250837924517,0.19113765777135402
1.2419536137793148,-0.5947752240303106,-0.0014049664248774385,-0.5947752240303106,0.7683709179871008,-0.011429302506320703,-0.0014049664248774385,-0.011429302506320703,0.1621113580704586
0.311463869552345,-0.08341391239698677,-0.12705738182415885,-0.08341391239698677,0.320893669937264,0.2285155900632179,-0.12705738182415885,0.2285155900632179,0.4477718575320955
0.7643682853989733,0.3291889145038563,0.1606908601535059,0.3291889145038563,0.5079560036969292,0.2723442748015436,0.1606908601535059,0.2723442748015436,0.34134169078147214
