y1_y1,y1_y2,y1_y3,y2_y1,y2_y2,y2_y3,y3_y1,y3_y2,y3_y3
0.7593514797722926,-0.2718750786608428,0.049967309896307155,-0.2718750786608428,0.4987118595367005,-0.15839002947476724,0.049967309896307155,-0.15839002947476724,0.6472520268338608
0.29980447300466195,-0.3456770649755382,0.18536373497933248,-0.3456770649755382,1.3520019675762487,-0.6439644970454408,0.18536373497933248,-0.6439644970454408,0.555563560743185
0.3610125688947257,0.2848458681009669,-0.0727129492455645,0.2848458681009669,3.7462039966496654,-1.46173089591597,-0.0727129492455645,-1.46173089591597,1.2360333007429378
2.1327060777436775,-0.10758255240570552,0.11357831219911277,-0.10758255240570552,0.2148315688176442,-0.1304706295951535,0.11357831219911277,-0.1304706295951535,0.7740476166978426
1.4340754142298453,-0.7064713740387261,-0.04136378246389327,-0.7064713740387261,1.3821620197461983,-0.10918325160341802,-0.04136378246389327,-0.10918325160341802,0.4930035255540526
0.29008032933013395,-0.19250378609005367,0.054703516682147006,-0.19250378609005367,0.743377013742177,-0.48140910113688024,0.054703516682147006,-0.48140910113688024,1.1013296545939801
0.21569930049970482,-0.15969379738319556,0.06038393704257209,-0.15969379738319556,0.6994153155061319,-0.4579237861509112,0.06038393704257209,-0.4579237861509112,0.5528079314290512
1.3906650017555269,-0.4402483843032861,0.8291930005668974,-0.4402483843032861,0.659369640105585,0.18014211145178438,0.8291930005668974,0.18014211145178438,1.6593801025639847
0.3456958161962673,-0.2121867751034381,-0.0537718557204269,-0.2121867751034381,1.0524712267369734,-0.21017831341506263,-0.0537718557204269,-0.21017831341506263,0.6810016246497198
0.8734302883405212,-0.3331358964673423,-0.4711798460225255,-0.3331358964673423,0.5268243450549422,0.3478540938871563,-0.4711798460225255,0.3478540938871563,0.8574997347192792
0.5173657377836327,0.4381705507867214,-0.2689506889839043,0.4381705507867214,1.376683252687592,-0.6759440515158287,-0.2689506889839043,-0.6759440515158287,1.3241593975713575
1.5913922205651172,-1.3935428296997734,-0.6786273019957413,-1.3935428296997734,2.4681074175109736,1.6751423680801523,-0.6786273019957413,1.6751423680801523,1.6225379934984943
1.1300105130377687,-0.22809645020581107,-0.025975936413285695,-0.22809645020581107,1.5554871144507996,-0.0741008357204231,-0.025975936413285695,-0.0741008357204231,0.5413945058970457
1.8535797559761924,-1.5667679328929578,-1.1046086718096715,-1.5667679328929578,2.30492331362572,1.0327667129598705,-1.1046086718096715,1.0327667129598705,1.0897876961636723
0.5841535462299531,-0.12678482612608277,-0.2657617180473959,-0.12678482612608277,0.4522264619249291,0.2610916623451831,-0.2657617180473959,0.2610916623451831,0.9167544051666071
3.7250329925047603,-0.9197005273466317,-2.053062947594676,-0.9197005273466317,1.43880515487635,0.3559580853939802,-2.053062947594676,0.3559580853939802,1.4776874569367373
0.8744455658769821,-0.028299450553921877,0.14601464934195588,-0.028299450553921877,0.5020513720463954,-0.1730086773366549,0.14601464934195588,-0.1730086773366549,0.8015497738073957
0.7618019593052894,-0.4369774829871376,-0.1675349513529998,-0.4369774829871376,0.9481909745786311,-0.06797242075330324,-0.1675349513529998,-0.06797242075330324,0.470804338960849
0.4644097249075714,0.004536997355916627,0.23911660268248555,0.004536997355916627,0.25146709399763245,0.05392797334855226,0.23911660268248555,0.05392797334855226,0.49976366827018204
0.6052267641333112,-0.6751285426905522,0.2616241025780721,-0.6751285426905522,1.2089143100782667,-0.3725938244205549,0.2616241025780721,-0.3725938244205549,0.40663484920873755
0.5858584501992629,-0.03513053503338465,-0.4451115419130795,-0.03513053503338465,1.2530279658096253,-0.714785824166341,-0.4451115419130795,-0.714785824166341,1.3549091232326118
1.9196865107008279,-1.124596466762696,-0.07792996490145704,-1.124596466762696,1.2186132805922796,-0.29194627997311456,-0.07792996490145704,-0.29194627997311456,0.5293372842095884
0.9547793965404282,0.30543046509113236,-0.32011563902128676,0.30543046509113236,0.2624355287747133,-0.09692057150139886,-0.32011563902128676,-0.09692057150139886,0.2038597123237812
0.6514597793461339,0.492833996803436,-0.22664568882015562,0.492833996803436,1.2604727606606403,-0.2504999981728405,-0.22664568882015562,-0.2504999981728405,0.4420035846478753
0.7505587339884594,-0.13720566412595506,-0.058026663280191564,-0.13720566412595506,0.8800569031864609,0.474536390608433,-0.058026663280191564,0.474536390608433,0.9493912761054494
0.9126031951131783,-0.5865406197143954,-0.22451171184170596,-0.5865406197143954,0.902598657635963,-0.02506620579736548,-0.22451171184170596,-0.02506620579736548,0.29523931131284203
2.5426893279187297,-0.2051890421619879,1.4799535078817605,-0.2051890421619879,1.2466962990332617,-0.2706983394264619,1.4799535078817605,-0.2706983394264619,1.3791551646804303
0.4511369887061981,-0.27015179605969475,-0.24540685410006352,-0.27015179605969475,1.3544225837143478,-0.7193384978973223,-0.24540685410006352,-0.7193384978973223,1.8030079901687786
0.5013966216557096,0.2451801924485374,-0.16672797457234165,0.2451801924485374,0.7103238039433245,-0.3122915204121618,-0.16672797457234165,-0.3122915204121618,0.38444488828242185
0.7752103254259809,0.4461832281157899,0.5666255099859884,0.4461832281157899,1.8599737303985604,0.5006472600687495,0.5666255099859884,0.5006472600687495,1.2667064598233604
0.13977630072482045,-0.15238475650611785,0.06422593927227259,-0.15238475650611785,1.139573491161164,-0.07031198179327836,0.06422593927227259,-0.07031198179327836,0.5718772955905946
0.5096405801803611,0.10488047646447572,-0.3445081428669828,0.10488047646447572,0.3584495040176034,-0.02465024144511571,-0.3445081428669828,-0.02465024144511571,0.7963487251844359
0.3721269270533115,-0.16533215802269416,0.229002006160805,-0.16533215802269416,0.4558207275280029,-0.017592792160674685,0.229002006160805,-0.017592792160674685,0.4140428245984476
0.3297245405193718,0.08666578393554197,-0.11543258254522519,0.08666578393554197,0.2302647597676931,-0.051344310504177516,-0.11543258254522519,-0.051344310504177516,0.40567784591320094
0.45838829548141424,0.3338548993485301,-0.1551921251293918,0.3338548993485301,1.3232853041555015,-0.5479520775775281,-0.1551921251293918,-0.5479520775775281,0.7891442554736895
1.8968267255265339,0.08353152040738475,-1.1970239580458084,0.08353152040738475,0.7419333142601725,-0.2187695591695168,-1.1970239580458084,-0.2187695591695168,1.3805946873120098
0.8745509214377247,-0.7355994400275863,0.18677543484505274,-0.7355994400275863,1.206507807551067,-0.2909266568370248,0.18677543484505274,-0.2909266568370248,0.34902029795076295
0.5294556335052667,-0.21685121014101494,0.21754632065565271,-0.21685121014101494,0.46295656325234275,-0.1916161579570387,0.21754632065565271,-0.1916161579570387,0.3434780533776541
0.43895830781267375,-0.010657408492326874,-0.14254923311023432,-0.010657408492326874,0.3501368616055879,-0.042034036039274365,-0.14254923311023432,-0.042034036039274365,0.4545005780563953
1.0669374595737597,-0.6294507743939977,0.47346969543009504,-0.6294507743939977,1.7653616852558316,-0.7614001011448592,0.47346969543009504,-0.7614001011448592,0.9352120132585728
0.5794181566069672,-0.30712693882373876,-0.04226351222974319,-0.30712693882373876,0.7680273503680966,0.08329387669995217,-0.04226351222974319,0.08329387669995217,0.2581375650738618
0.4238589077742291,0.14903311237809494,-0.2076524619505405,0.14903311237809494,0.46111083372806183,-0.23432112086098417,-0.2076524619505405,-0.23432112086098417,0.39416293888837856
0.35843983589226003,0.35800757773517144,0.019787873301960836,0.35800757773517144,5.295104831415591,0.7850601622411998,0.019787873301960836,0.7850601622411998,0.6962221630153496
3.184070960269277,-3.2401393793351856,0.5055950025966334,-3.2401393793351856,4.468869398472993,-0.9488605355247168,0.5055950025966334,-0.9488605355247168,0.7268945485065151
0.4512029254697635,0.06449393264795313,0.23487125457299063,0.06449393264795313,0.5455982789370113,0.13883467386586973,0.23487125457299063,0.13883467386586973,0.4944105180942265
0.5744462466173227,-0.22406109489703635,-0.1903614995001259,-0.22406109489703635,0.9167769952243081,-0.3491554147971143,-0.1903614995001259,-0.3491554147971143,0.8456148136994853
0.6270608331571751,-0.32335229061667375,-0.16056400308981883,-0.32335229061667375,0.9212248375636697,0.3224837465405081,-0.16056400308981883,0.3224837465405081,0.4828697137067299
0.5500600003383029,-0.48101652887096924,-0.2271083537071325,-0.48101652887096924,1.5574853451484842,-0.04112763173748715,-0.2271083537071325,-0.04112763173748715,1.0015935661766042
0.8700750378042937,-0.06198407431097212,-0.2910103660312628,-0.06198407431097212,0.6282831360311317,0.21430172476572504,-0.2910103660312628,0.21430172476572504,0.33824895341529454
0.4177906950773397,0.3776574647591603,0.022256044310747864,0.3776574647591603,0.8590395802821089,0.004923180150396166,0.022256044310747864,0.004923180150396166,0.16518843149276158
