1:ID_1:ID,1:ID_2:ID,1:ID_3:ID,1:ID_1:dam,2:ID_1:ID,2:ID_2:ID,2:ID_3:ID,2:ID_1:dam,3:ID_1:ID,3:ID_2:ID,3:ID_3:ID,3:ID_1:dam,1:dam_1:ID,1:dam_2:ID,1:dam_3:ID,1:dam_1:dam
0.4231467572977129,0.08891491864053837,0.26821877794613375,-0.41860142819615437,0.08891491864053837,0.8694181804797361,0.1675973531466287,-0.3507025901148231,0.26821877794613375,0.1675973531466287,0.8423544380722988,-0.9260064184086328,-0.41860142819615437,-0.3507025901148231,-0.9260064184086328,1.4303157536991904
0.3688710892030814,0.16220565325334665,-0.10044018105914956,-0.10439050532596504,0.16220565325334665,0.6981276171193419,-0.20474407690369992,-0.3232006339463691,-0.10044018105914956,-0.20474407690369992,0.6640845471091494,0.38698828158599435,-0.10439050532596504,-0.3232006339463691,0.38698828158599435,1.4636972842044693
1.4252102738249175,-1.0031835790341472,0.023853718073111242,-0.6152252129321844,-1.0031835790341472,1.4079236347916404,0.01243077707842661,0.7857196839039015,0.023853718073111242,0.01243077707842661,0.26505387452879237,0.05387509443649142,-0.6152252129321844,0.7857196839039015,0.05387509443649142,0.7335932541980239
0.314466111484902,0.007450754777315688,0.038907197967357685,0.3868093685817878,0.007450754777315688,0.6937814912360973,0.24645509546156721,-0.5129681682350035,0.038907197967357685,0.24645509546156721,0.4296796237704057,-0.22883754371669643,0.3868093685817878,-0.5129681682350035,-0.22883754371669643,2.03098950198487
1.2857025927733505,-0.4290475337595733,-0.23866196147774116,0.07105751938045334,-0.4290475337595733,0.4585786828629099,0.12553245212070485,0.010806154997325125,-0.23866196147774116,0.12553245212070485,0.4215821794672254,0.09378779629790428,0.07105751938045334,0.010806154997325125,0.09378779629790428,0.5830267439885571
3.1643779152840352,-1.8198324429406298,-1.3435452028627313,-0.7842500293311171,-1.8198324429406298,1.432555433774219,0.7917913568466026,0.4789873040190326,-1.3435452028627313,0.7917913568466026,1.3385610280170046,0.32405605333723186,-0.7842500293311171,0.4789873040190326,0.32405605333723186,0.45837806498418
0.4846143489777963,0.18351999342036163,0.28193924420268834,0.33229275988208207,0.18351999342036163,1.0816770297237062,0.46454297566083147,0.322938227425696,0.28193924420268834,0.46454297566083147,0.6090143437540181,0.49799898660490427,0.33229275988208207,0.322938227425696,0.49799898660490427,0.732056806697905
0.21053744260695095,0.29809380645316136,0.34102371453128566,-0.015097253838883875,0.29809380645316136,1.2073054253258735,1.0418869080939461,0.019487263146319565,0.34102371453128566,1.0418869080939461,1.9389122623107875,0.02860857515422764,-0.015097253838883875,0.019487263146319565,0.02860857515422764,0.6427621619455726
1.8301029363607824,-1.7191753916801666,0.19528016638359103,0.7305750291196698,-1.7191753916801666,2.5709960469717554,-0.5496891625819219,-1.330303960272103,0.19528016638359103,-0.5496891625819219,0.5304304010611192,0.33390120225526093,0.7305750291196698,-1.330303960272103,0.33390120225526093,1.3434266171869755
0.5112009333213815,-0.10488273299378559,0.08750081112471327,-0.05313192094912525,-0.10488273299378559,0.4023745090947951,-0.8769931861790122,-0.7504237299890549,0.08750081112471327,-0.8769931861790122,3.9107534580587284,3.224553810790341,-0.05313192094912525,-0.7504237299890549,3.224553810790341,3.7269888016002577
1.4767327556748169,-0.31909664551395334,0.957002189592702,-0.4030892040383744,-0.31909664551395334,0.3147340756824908,-0.20283375432153358,0.24347041258635996,0.957002189592702,-0.20283375432153358,1.308332492656703,-0.0340180296363581,-0.4030892040383744,0.24347041258635996,-0.0340180296363581,1.703170996741956
2.033301442703907,0.55551610607727,-0.320126113887121,-0.6590388876814566,0.55551610607727,0.3882904791223158,-0.07344726889337612,-0.11583206244398088,-0.320126113887121,-0.07344726889337612,0.2594600911521121,0.3149373081708043,-0.6590388876814566,-0.11583206244398088,0.3149373081708043,0.766785718488367
0.8540408823113195,-0.5088961672420531,0.5592285508419044,0.27588478497781815,-0.5088961672420531,1.0241879224944461,-0.41372607115078297,-0.47759312595132103,0.5592285508419044,-0.41372607115078297,0.6425253518712228,0.2112451983011986,0.27588478497781815,-0.47759312595132103,0.2112451983011986,0.4437016644222327
0.5703973341414036,0.09252238211062586,-0.2134982682816313,-0.09727818233879477,0.09252238211062586,0.2148000111544492,-0.1068755395168704,-0.014931646953311596,-0.2134982682816313,-0.1068755395168704,0.5572902907765974,0.14594592019439526,-0.09727818233879477,-0.014931646953311596,0.14594592019439526,0.3013923075098285
4.437915585635572,-0.752186495059426,-1.6281489790398784,3.491725599911074,-0.752186495059426,0.9153939265543869,0.442659711859373,-0.33822206767245966,-1.6281489790398784,0.442659711859373,0.9234663374579071,-1.2475387464078673,3.491725599911074,-0.33822206767245966,-1.2475387464078673,4.206514121643961
1.2754637151615702,-0.5031240543822284,-0.13796576132913668,-0.10568283341944262,-0.5031240543822284,1.0543897090040923,0.2654491452817191,0.1800366802600793,-0.13796576132913668,0.2654491452817191,0.2290642681043943,0.0281629978422783,-0.10568283341944262,0.1800366802600793,0.0281629978422783,0.19776619525519296
0.9785281929924035,-0.21588425185191878,-0.24526634711338458,0.2832454679379158,-0.21588425185191878,0.4060952769611536,0.22611249696662297,0.1525038202972461,-0.24526634711338458,0.22611249696662297,0.7958915380257457,-0.13063734956374362,0.2832454679379158,0.1525038202972461,-0.13063734956374362,0.7865631827191799
1.024093113697142,-0.6213505592920272,0.04644346806815233,0.046365248972374734,-0.6213505592920272,1.01185817102701,0.06378090183643957,-0.00045600565292969295,0.04644346806815233,0.06378090183643957,0.4114378606055408,-0.05690873460255393,0.046365248972374734,-0.00045600565292969295,-0.05690873460255393,0.29300731191764723
0.49498400963619593,-0.02339063516042504,-0.190743910837377,-0.18885906971600755,-0.02339063516042504,0.8285206120066659,0.4727881076630675,0.019383215689962492,-0.190743910837377,0.4727881076630675,0.7841033473609621,-0.04717915794425015,-0.18885906971600755,0.019383215689962492,-0.04717915794425015,0.3419382176340332
3.8158571780322053,0.8519097385492196,-1.2825278642083546,0.40173855411957426,0.8519097385492196,0.515349213872692,-0.3262409164481911,0.01920640327278134,-1.2825278642083546,-0.3262409164481911,1.1373881588707193,-0.045813044714919524,0.40173855411957426,0.01920640327278134,-0.045813044714919524,0.31644525039270655
0.5213607839753114,-0.041261161268146954,0.06894700032626382,0.03748783480241986,-0.041261161268146954,0.25763513213702877,-0.06632755147930418,0.053264560527135345,0.06894700032626382,-0.06632755147930418,0.28463938596508137,-0.11129861116773228,0.03748783480241986,0.053264560527135345,-0.11129861116773228,0.3187321556187698
0.6648148594595912,-0.5481791939985134,0.31254653561206713,-0.07917994359264521,-0.5481791939985134,1.856113439386619,-1.2733398052293552,0.03650473434004391,0.31254653561206713,-1.2733398052293552,1.2566114594923692,0.03873486605865525,-0.07917994359264521,0.03650473434004391,0.03873486605865525,0.44494742703275175
1.0887296140620113,-0.8258285316331182,-0.07678439337812007,0.6856142042906253,-0.8258285316331182,1.3507400686386513,0.15859684902370108,-1.0130571878471606,-0.07678439337812007,0.15859684902370108,0.30410560442382456,-0.07431576846086752,0.6856142042906253,-1.0130571878471606,-0.07431576846086752,1.17272501220669
1.8645181012492076,-0.30539017008841585,0.4262988445198282,0.5372381025059443,-0.30539017008841585,0.5803783129181712,-0.44665341261329244,-0.12581432668893666,0.4262988445198282,-0.44665341261329244,0.7222000638969777,0.07788735915664587,0.5372381025059443,-0.12581432668893666,0.07788735915664587,0.5346260593957172
0.9786852686133174,-0.022681338307158048,-0.11956273253210847,0.18994041706749792,-0.022681338307158048,0.9945181510927842,-0.34769866017148177,-0.1081085727530646,-0.11956273253210847,-0.34769866017148177,0.5507900097087793,-0.00496004833100317,0.18994041706749792,-0.1081085727530646,-0.00496004833100317,0.30108254501949167
0.32313942331734424,-0.20762806426205066,-0.005389112634126544,0.19438488177155216,-0.20762806426205066,0.5275538218018371,0.06078150180122552,-0.08093026967219609,-0.005389112634126544,0.06078150180122552,0.6275410334533206,0.20212505481113496,0.19438488177155216,-0.08093026967219609,0.20212505481113496,0.7240845755270046
0.7345201891568287,0.24629483202858882,-0.3486303103072853,0.3937545928610213,0.24629483202858882,0.5217952456285989,-0.1350088252786122,0.19821067013673233,-0.3486303103072853,-0.1350088252786122,0.6557642502180409,-0.2815535836682755,0.3937545928610213,0.19821067013673233,-0.2815535836682755,0.6642692381987199
0.5379158710565732,0.20160960523763535,0.13093231293824548,0.05483078640713132,0.20160960523763535,0.8737019361707077,0.5812353091977142,0.2879390269032449,0.13093231293824548,0.5812353091977142,0.8417841187856063,0.26499562623671424,0.05483078640713132,0.2879390269032449,0.26499562623671424,0.6894670184111258
0.43131520357946307,0.06242420417765641,0.0799645271351277,0.19653368043151623,0.06242420417765641,0.5071380412885464,-0.31364672370068064,-0.05014398798383739,0.0799645271351277,-0.31364672370068064,0.6655910397897709,0.020859192746643735,0.19653368043151623,-0.05014398798383739,0.020859192746643735,0.5478927817456575
0.5364296011321215,0.1086310823310189,0.3521040987792685,0.17164077009162174,0.1086310823310189,0.37350796999780284,0.11601514125819282,0.10453890110095443,0.3521040987792685,0.11601514125819282,0.751674182589909,0.11589815912063707,0.17164077009162174,0.10453890110095443,0.11589815912063707,0.8717378948097918
2.3636746628592284,-0.7038200004820974,0.8430630162604058,-1.4079952868313812,-0.7038200004820974,1.8491401575864652,-0.1728447495501246,1.2664493010480538,0.8430630162604058,-0.1728447495501246,0.5822168360936565,-0.4328724531402677,-1.4079952868313812,1.2664493010480538,-0.4328724531402677,1.637961039392055
0.4879082034013497,0.06960390786320608,0.15420886149469054,-0.04052268274156499,0.06960390786320608,0.940257409693634,0.41091221242534226,-0.3061251414995506,0.15420886149469054,0.41091221242534226,0.5884296098069398,-0.06390346193006965,-0.04052268274156499,-0.3061251414995506,-0.06390346193006965,0.321146438524564
0.9518288347777,-0.24078575748136566,0.06329707842832245,-0.3744031728385731,-0.24078575748136566,0.4098725685186354,-0.19669379701779047,0.15617376910617903,0.06329707842832245,-0.19669379701779047,0.98885355636353,-0.028660854736181046,-0.3744031728385731,0.15617376910617903,-0.028660854736181046,0.5162581200358615
0.5150605918048621,-0.5271964166699549,0.028304832471632478,0.15236869126406777,-0.5271964166699549,1.7577802148042583,0.16807349367310462,-0.1804033250013343,0.028304832471632478,0.16807349367310462,0.409475603465278,0.08637859493393923,0.15236869126406777,-0.1804033250013343,0.08637859493393923,0.6234324114886531
0.6563815862000786,-0.2772514722701067,-0.6432743508819296,0.3933033353756882,-0.2772514722701067,2.9227252507166916,0.597151588236265,0.5772328884105531,-0.6432743508819296,0.597151588236265,1.4413801172549394,-0.7334356947036943,0.3933033353756882,0.5772328884105531,-0.7334356947036943,1.2486684756274138
1.1405793082651714,-0.024921634684658904,-0.629633332011087,0.4042487187614501,-0.024921634684658904,0.4358468520909613,-0.1430214474833239,-0.024254605371516205,-0.629633332011087,-0.1430214474833239,1.2944510114219185,-0.5224242486107799,0.4042487187614501,-0.024254605371516205,-0.5224242486107799,0.6076390634350731
0.875591046435473,-0.011238980751530611,-0.32953393696965294,0.5681959837898278,-0.011238980751530611,0.287452419637831,0.20145807383937492,-0.2078041151387814,-0.32953393696965294,0.20145807383937492,0.8994963077382069,-0.8832135564835576,0.5681959837898278,-0.2078041151387814,-0.8832135564835576,2.739783423068702
0.49575101496706264,-0.4217452783031743,0.12811438683987672,-0.0452833746123064,-0.4217452783031743,1.3750404162382552,-0.5975647774869883,0.5778433516589148,0.12811438683987672,-0.5975647774869883,1.6152529572370875,-0.48098367412594395,-0.0452833746123064,0.5778433516589148,-0.48098367412594395,0.933749492465274
0.5171217051810624,-0.30641088788603865,-0.13342070577538134,-0.28543430907819306,-0.30641088788603865,0.9710896442258472,-0.060250280737386724,0.2055944131354749,-0.13342070577538134,-0.060250280737386724,0.2828803593898058,0.007448097194105463,-0.28543430907819306,0.2055944131354749,0.007448097194105463,0.6383384288595275
0.7690121074360081,0.3276864365089383,0.008718727114179176,0.2648301997644208,0.3276864365089383,0.3955078129021248,0.09733935794853102,0.1563148244292445,0.008718727114179176,0.09733935794853102,0.5531713835896441,0.07989944661806464,0.2648301997644208,0.1563148244292445,0.07989944661806464,0.2526356481888527
6.640373333893429,0.4895079116054672,-0.939614713491636,1.1731570048597033,0.4895079116054672,0.3907050049345383,0.0176646386390272,0.10397852103477591,-0.939614713491636,0.0176646386390272,0.659397747435128,0.12058231190068275,1.1731570048597033,0.10397852103477591,0.12058231190068275,1.3792142748211325
1.6600130706279184,-1.1000462700837812,0.4969489094870484,-0.6380667198698972,-1.1000462700837812,1.1474921296213862,-0.280363262623073,0.6029662908760831,0.4969489094870484,-0.280363262623073,0.4309984738294904,-0.08757244344973138,-0.6380667198698972,0.6029662908760831,-0.08757244344973138,0.49356273293176295
0.5092087489166021,-0.2650697764191091,0.19554057437852154,-0.0381865650886118,-0.2650697764191091,0.7691985268214045,0.12982224510483484,0.029257259955949227,0.19554057437852154,0.12982224510483484,0.7440706332580983,-0.1943647524641685,-0.0381865650886118,0.029257259955949227,-0.1943647524641685,0.36354580260542024
0.24339546705094425,0.05647524224037468,-0.054142658227622265,0.06978562404614312,0.05647524224037468,0.37563333744332916,-0.04166094160336453,0.08550468488050056,-0.054142658227622265,-0.04166094160336453,0.6493233047207452,-0.17881676075117175,0.06978562404614312,0.08550468488050056,-0.17881676075117175,0.5956228891565393
0.6188788760417335,-0.2723351184260742,-0.11286498582830369,0.13424680807678074,-0.2723351184260742,1.8823222132641342,-0.25921074460739674,0.1011366852994513,-0.11286498582830369,-0.25921074460739674,0.20856294057332808,-0.02046526734562454,0.13424680807678074,0.1011366852994513,-0.02046526734562454,0.25368695789455337
0.27583879268378364,-0.15749038590187286,0.40060102857013274,-0.09830385893396576,-0.15749038590187286,2.3110280263203045,-2.9833397992465565,-0.04085679948196668,0.40060102857013274,-2.9833397992465565,4.558625530058721,-0.06011750473330259,-0.09830385893396576,-0.04085679948196668,-0.06011750473330259,0.2767589088441869
3.0376118900386104,-2.7742078971928703,-0.7565503570780958,0.27655620037643713,-2.7742078971928703,3.516287034618766,0.8017400023636215,-0.31285052217688525,-0.7565503570780958,0.8017400023636215,0.5671992315282637,-0.2081535370879635,0.27655620037643713,-0.31285052217688525,-0.2081535370879635,0.30711690672684955
0.2732925091545252,-0.1879122562193016,-0.10463678561272272,-0.053878844314850766,-0.1879122562193016,1.1649095121042727,-0.13561545037899275,0.27504550405243894,-0.10463678561272272,-0.13561545037899275,0.6385155602272304,-0.1484398820302149,-0.053878844314850766,0.27504550405243894,-0.1484398820302149,0.28568535147582935
0.6296295779161758,0.3267331537822446,0.1489871700863895,0.024938309907291397,0.3267331537822446,0.41605187836469926,0.14208724438430903,0.001097897059341049,0.1489871700863895,0.14208724438430903,0.40452510636216893,-0.3467955759228944,0.024938309907291397,0.001097897059341049,-0.3467955759228944,0.863984531204259
0.7497660595100519,-0.08195428072697022,-0.15428065454356943,-0.083359579182397,-0.08195428072697022,1.2300502063406373,-0.1027128845431727,0.37970383019951665,-0.15428065454356943,-0.1027128845431727,0.3423319965250262,-0.04876452360402108,-0.083359579182397,0.37970383019951665,-0.04876452360402108,0.7006538342098049
