1:ID_1:ID,1:ID_2:ID,1:ID_3:ID,1:ID_1:dam,2:ID_1:ID,2:ID_2:ID,2:ID_3:ID,2:ID_1:dam,3:ID_1:ID,3:ID_2:ID,3:ID_3:ID,3:ID_1:dam,1:dam_1:ID,1:dam_2:ID,1:dam_3:ID,1:dam_1:dam
0.3690143585819512,0.05311260464366892,-0.2264787033232033,-0.056484344151547954,0.05311260464366892,0.762932331142788,-0.17319240630495783,0.19794709230255575,-0.2264787033232033,-0.17319240630495783,0.7035236216612029,-0.004970879454311389,-0.056484344151547954,0.19794709230255575,-0.004970879454311389,0.2148745936872482
1.005525988865051,-0.10153596267148221,1.2157184800541354,0.6783954551540384,-0.10153596267148221,0.4140556629345046,-0.08127836532163776,0.02956582484540027,1.2157184800541354,-0.08127836532163776,2.235778040603331,0.8520526370308302,0.6783954551540384,0.02956582484540027,0.8520526370308302,0.8683929590671976
0.27458625626407634,0.02018938324456414,0.10100230797057233,-0.01986436870732049,0.02018938324456414,0.7425981541773561,0.3381495698470331,0.4168270382906139,0.10100230797057233,0.3381495698470331,0.4453594878474699,0.13190622954486494,-0.01986436870732049,0.4168270382906139,0.13190622954486494,0.5644195125149298
0.5332894683375204,0.1380255775812284,-0.29489801698149526,-0.13168830430051212,0.1380255775812284,1.6896931449335777,-0.4778323439081119,-0.2433790711263525,-0.29489801698149526,-0.4778323439081119,1.05716468395115,0.04899747402504116,-0.13168830430051212,-0.2433790711263525,0.04899747402504116,0.30744838821271553
0.3453729086938761,0.06039144701067421,0.1070380832038378,-0.003942395782412296,0.06039144701067421,0.6554753155890247,-0.4517986734295025,0.1658988463928414,0.1070380832038378,-0.4517986734295025,1.2620495678220767,-0.4020707178478596,-0.003942395782412296,0.1658988463928414,-0.4020707178478596,0.4727441572057091
0.46497113520105915,-0.3569174777047496,-0.2293383038715211,0.2805638908945075,-0.3569174777047496,2.121970487142157,-0.8819192689902944,0.20378414994659055,-0.2293383038715211,-0.8819192689902944,1.504641633328614,-0.763072727710167,0.2805638908945075,0.20378414994659055,-0.763072727710167,0.8560338239406136
1.024248226263135,-0.0004773093832264475,-0.08953437157679525,-0.1424614285116135,-0.0004773093832264475,0.3859574706136306,0.0783980566032457,-0.012076033843435408,-0.08953437157679525,0.0783980566032457,0.3387346495514159,0.012014659054531392,-0.1424614285116135,-0.012076033843435408,0.012014659054531392,0.39646675534193154
4.844148454219576,-1.319585006231617,1.5925504954867487,-1.2339893257588412,-1.319585006231617,1.3658305679632246,-0.2701591312152974,0.6559751413842811,1.5925504954867487,-0.2701591312152974,1.3947154273726874,-0.37725179430723205,-1.2339893257588412,0.6559751413842811,-0.37725179430723205,0.8788693762969317
1.35881175005,-1.706342257016315,0.5043065684372627,-0.938193511363706,-1.706342257016315,3.0349535144647994,-0.6764125418859219,1.2161604401634425,0.5043065684372627,-0.6764125418859219,1.0683502732010013,-0.6420793219937068,-0.938193511363706,1.2161604401634425,-0.6420793219937068,1.9381405866925865
0.3729942229378187,-0.1984787448523568,-0.12089984519399385,0.2753800185246377,-0.1984787448523568,0.6380817459664061,0.5409429375697921,-0.4718172266242395,-0.12089984519399385,0.5409429375697921,1.4975209588040668,-0.6414753055165702,0.2753800185246377,-0.4718172266242395,-0.6414753055165702,0.8980135466369843
0.7844919459435911,-0.6000642816051477,0.04108226698004745,0.29612802864317705,-0.6000642816051477,0.8853743807831109,-0.07118462224390928,-0.42661986223081744,0.04108226698004745,-0.07118462224390928,0.2623361179622059,0.059435155454235215,0.29612802864317705,-0.42661986223081744,0.059435155454235215,0.9053265238011906
0.9875025321009782,-0.06418117613388666,0.03172666820685577,-1.0117336991546195,-0.06418117613388666,0.563101037289409,-0.2623539738867473,0.29008812237538484,0.03172666820685577,-0.2623539738867473,0.5622430947805653,-0.020861438172813922,-1.0117336991546195,0.29008812237538484,-0.020861438172813922,1.744746835756191
3.8240328751113335,-0.8819647748357196,-0.7061233861469253,-2.9229761819199824,-0.8819647748357196,0.8190219551848417,0.17325224679124648,0.849700703826914,-0.7061233861469253,0.17325224679124648,0.6667446788918114,0.48997753088540835,-2.9229761819199824,0.849700703826914,0.48997753088540835,2.7188093778240012
1.3122128699064843,-0.19967854956755504,-0.005847833023135733,0.15393862453652726,-0.19967854956755504,0.31601448024426937,-0.16640720274350565,-0.1513181670659456,-0.005847833023135733,-0.16640720274350565,0.6405025565999535,0.2867710824073021,0.15393862453652726,-0.1513181670659456,0.2867710824073021,0.7405970499624339
2.9238593800215558,-1.3587803674656773,0.31236044635700877,-0.45019183163351567,-1.3587803674656773,1.3312874996278827,-0.2350540533605711,0.5332307613026415,0.31236044635700877,-0.2350540533605711,0.34703156215272946,-0.08414523185968073,-0.45019183163351567,0.5332307613026415,-0.08414523185968073,0.6278770620133829
0.46448515140177477,-0.22322571842570238,0.3057812733993175,0.19367708816102733,-0.22322571842570238,0.6539683136170282,-0.23027524089056223,-0.0037965232807653563,0.3057812733993175,-0.23027524089056223,1.187516736199884,-0.003538434449894483,0.19367708816102733,-0.0037965232807653563,-0.003538434449894483,0.44436531473431046
0.6309812641239173,0.03877143055127085,0.3109292527127671,-0.09709030196588286,0.03877143055127085,0.39132614560973106,-0.1175845995014097,0.21457347040501645,0.3109292527127671,-0.1175845995014097,0.855197662740856,-0.26891803710746476,-0.09709030196588286,0.21457347040501645,-0.26891803710746476,0.44514373531833595
0.8722984186678169,-0.5156081557826573,-0.01976436842215954,0.3627775584990498,-0.5156081557826573,0.9291043293567649,-0.20486382139025205,-0.4258001269106455,-0.01976436842215954,-0.20486382139025205,0.3680499087756677,0.047035779031075975,0.3627775584990498,-0.4258001269106455,0.047035779031075975,0.4249059289594102
0.5628134062386555,-0.08733124452937015,-0.5795644303407332,-0.2679838629140896,-0.08733124452937015,0.33424296488169714,0.03544357481200418,0.005588208534807708,-0.5795644303407332,0.03544357481200418,1.4037845129295161,0.5857057882963499,-0.2679838629140896,0.005588208534807708,0.5857057882963499,0.5930427080049725
0.3508488414841596,0.07075366433100483,-0.004653319953947434,0.033094511993834556,0.07075366433100483,0.2424163856423644,0.11007832692764738,-0.1002497934970184,-0.004653319953947434,0.11007832692764738,0.45655657609699113,-0.16667202147942223,0.033094511993834556,-0.1002497934970184,-0.16667202147942223,0.45187869781582357
0.6575626707746783,0.322872128461618,0.028164542707961517,0.15652149971718834,0.322872128461618,0.814628494467264,0.24604343425844577,0.015431554358835862,0.028164542707961517,0.24604343425844577,0.5297231773220142,-0.04606636465904272,0.15652149971718834,0.015431554358835862,-0.04606636465904272,0.22257478782215145
2.105400857440072,-0.4498350275517751,-0.1815525366849643,0.9480167757780271,-0.4498350275517751,0.6241247113970675,0.277063453419328,0.011466970956375704,-0.1815525366849643,0.277063453419328,1.081740796418336,0.6012155208966009,0.9480167757780271,0.011466970956375704,0.6012155208966009,1.1576414105947928
0.8959783259012155,0.4384350032872496,0.0037324715924081167,0.2145302432967815,0.4384350032872496,0.488764674836442,0.025557423963965955,-0.06266038521479536,0.0037324715924081167,0.025557423963965955,0.2205258155394327,-0.29768427070566933,0.2145302432967815,-0.06266038521479536,-0.29768427070566933,1.3563578693621006
0.6432983146427547,-0.09705337726731558,0.3282391475314927,-0.051686809893745744,-0.09705337726731558,0.5213568565886281,-0.18455338122910336,0.046939530627178254,0.3282391475314927,-0.18455338122910336,0.4394149073629244,-0.05651920013331,-0.051686809893745744,0.046939530627178254,-0.05651920013331,0.3969791601696202
1.9416387055286877,-0.6474996051942545,0.37553239990228193,0.6954287681850324,-0.6474996051942545,2.121973972924102,0.2077842805120382,-0.5516867817204043,0.37553239990228193,0.2077842805120382,0.5400692916720209,0.28023468237837,0.6954287681850324,-0.5516867817204043,0.28023468237837,0.6756636617374608
1.2749745660718663,-1.3467908230579682,-0.2598925308636717,0.7549843647135704,-1.3467908230579682,3.874761759657602,-0.171325008922288,-1.1671813530362016,-0.2598925308636717,-0.171325008922288,0.39382906248774424,-0.13972056330406057,0.7549843647135704,-1.1671813530362016,-0.13972056330406057,0.9710861077321304
1.361805424477947,-0.04243125149887475,0.023565318670894963,0.019352406751426257,-0.04243125149887475,1.2321254579751697,-0.4761000748238309,0.7406964417495715,0.023565318670894963,-0.4761000748238309,0.34610609149411464,-0.3927194842541299,0.019352406751426257,0.7406964417495715,-0.3927194842541299,1.221875060036127
0.6612675026533817,-0.7673350193577697,0.3948587173133791,0.020126999000784625,-0.7673350193577697,2.2107789161419755,-0.7574320765626944,-0.28022762233418363,0.3948587173133791,-0.7574320765626944,0.44741750109869627,0.004441702243471274,0.020126999000784625,-0.28022762233418363,0.004441702243471274,0.31521384982475004
0.5694304880963206,0.03269040226321683,-0.2854081359201536,0.310133736514381,0.03269040226321683,0.6444892475727189,-0.26768562588866596,0.29846880139659365,-0.2854081359201536,-0.26768562588866596,0.7782686443175534,-0.1994315552547815,0.310133736514381,0.29846880139659365,-0.1994315552547815,1.2447294873113672
0.3480048834847286,0.14107263797407688,-0.1942642001269004,0.0413237332932896,0.14107263797407688,0.35518194890267313,0.025358091685334132,0.05764925598083796,-0.1942642001269004,0.025358091685334132,0.5252126993346984,0.04031714806634191,0.0413237332932896,0.05764925598083796,0.04031714806634191,0.40622321307941917
0.5140755425558086,0.0028891400886706387,-0.1488899925951232,0.10824891503798434,0.0028891400886706387,0.3014396719938927,-0.08032036706564355,-0.2066553413220741,-0.1488899925951232,-0.08032036706564355,0.3644601524265975,0.039003912233381025,0.10824891503798434,-0.2066553413220741,0.039003912233381025,0.3876881878947281
1.7749800279151322,-0.806045858262965,-0.3655561911351488,1.0727789210605527,-0.806045858262965,1.6428383902377948,0.8057597929815733,-0.7984521701625735,-0.3655561911351488,0.8057597929815733,0.7047206725452279,-0.19504001126230697,1.0727789210605527,-0.7984521701625735,-0.19504001126230697,1.2632853049985875
0.8124790686742422,-0.7825008258142668,-0.2390133992722192,0.19958268615618,-0.7825008258142668,1.4800552040264006,0.20399952372271157,-0.1030813763986729,-0.2390133992722192,0.20399952372271157,0.8952126673726154,-0.2388371605529291,0.19958268615618,-0.1030813763986729,-0.2388371605529291,0.35734124755252544
5.639716477378874,1.967207196032682,1.5535343431592934,3.1883529456289743,1.967207196032682,1.903868920847008,0.6245404929543508,1.3835683863239139,1.5535343431592934,0.6245404929543508,0.7941671346130368,0.7855809895779053,3.1883529456289743,1.3835683863239139,0.7855809895779053,2.1742840803391306
1.0373508370505278,0.24656305379264806,0.04125771409693292,0.35158065829634116,0.24656305379264806,0.669173796043042,-0.05554992617649179,0.2667449691096277,0.04125771409693292,-0.05554992617649179,0.26944752332919725,-0.09067467951458637,0.35158065829634116,0.2667449691096277,-0.09067467951458637,0.8796286147319109
0.9218882668465405,0.18642395176789273,0.021352611704454696,-0.16497750750016033,0.18642395176789273,0.43248693443475683,0.0574217668332513,0.08132636195984547,0.021352611704454696,0.0574217668332513,0.4184516418687011,0.10946187822503316,-0.16497750750016033,0.08132636195984547,0.10946187822503316,0.3264746984017575
2.8339743863137117,-0.06892402833441244,-1.6025899573203777,0.6001799297296669,-0.06892402833441244,0.24131776580006278,0.16525457631849147,0.03653962870861504,-1.6025899573203777,0.16525457631849147,1.376723082817739,-0.46236219648915766,0.6001799297296669,0.03653962870861504,-0.46236219648915766,0.6432124565741062
0.30632243682196225,0.20307461525314424,-0.04768067061982173,0.21463364093797557,0.20307461525314424,1.7687472467065688,0.26343212914747094,0.33609143349945125,-0.04768067061982173,0.26343212914747094,0.27880318176304053,-0.0889341700725284,0.21463364093797557,0.33609143349945125,-0.0889341700725284,0.7603471593384661
0.26956438386586395,-0.07950404701895489,-0.06042182152710955,0.02883997228650243,-0.07950404701895489,0.35014803706604075,-0.07799003394113727,0.08881915862735337,-0.06042182152710955,-0.07799003394113727,0.2883542477743268,-0.05420051610825671,0.02883997228650243,0.08881915862735337,-0.05420051610825671,0.29603694997897917
0.37687919682919946,-0.014801961629425278,-0.03708483347848838,0.12451529163400432,-0.014801961629425278,0.9503029876882134,-0.01816974111881947,0.6019187512003147,-0.03708483347848838,-0.01816974111881947,0.344210907158589,-0.020815943951176207,0.12451529163400432,0.6019187512003147,-0.020815943951176207,1.0023273364539447
0.34821269807089855,0.14229183796567543,0.018460406081711594,-0.10617195366100646,0.14229183796567543,0.6360713328404879,0.10548017764038695,-0.08820280757616084,0.018460406081711594,0.10548017764038695,0.23173804660639585,-0.017053697269158175,-0.10617195366100646,-0.08820280757616084,-0.017053697269158175,0.23868599435063018
0.5735055358084004,0.032360611914237024,-0.20274655087802318,-0.18177850278394372,0.032360611914237024,2.4409189634878725,0.1568433807016305,-0.17429408338068791,-0.20274655087802318,0.1568433807016305,0.7734181635465613,0.15254790855508704,-0.18177850278394372,-0.17429408338068791,0.15254790855508704,0.3389595008860675
0.3678309733849142,-0.5479248470227639,0.2933946785381527,-0.8493455209146187,-0.5479248470227639,3.055766630832081,-0.5625466951204036,3.4068068410094288,0.2933946785381527,-0.5625466951204036,0.6013569831845662,-0.9303658944547771,-0.8493455209146187,3.4068068410094288,-0.9303658944547771,4.611292435596363
4.036569334032481,-0.5723243566518315,0.42683647723233986,-0.26425377253109766,-0.5723243566518315,1.5068764064723423,-0.3468574164684,0.007383788090889638,0.42683647723233986,-0.3468574164684,0.4202920638504537,-0.1624368918775868,-0.26425377253109766,0.007383788090889638,-0.1624368918775868,0.294213474250386
0.9292199058064571,-0.5597168683997289,-0.5648072779097943,0.3676027341028551,-0.5597168683997289,0.8455065854549788,0.43129450847883155,0.054251562728554456,-0.5648072779097943,0.43129450847883155,0.6151014499291202,-0.13591239195008173,0.3676027341028551,0.054251562728554456,-0.13591239195008173,0.5927634602132256
2.0666561846596085,-1.8463438829158165,-0.09015589439948124,-0.25418497758893827,-1.8463438829158165,2.282292226823028,0.24673504574450353,0.2993840692897131,-0.09015589439948124,0.24673504574450353,0.36320769227786426,0.00017554884106359654,-0.25418497758893827,0.2993840692897131,0.00017554884106359654,0.25950554355621197
1.5328569593991603,-1.2150504000056472,-0.39011357657155793,0.5964668499944483,-1.2150504000056472,2.476631769844456,0.27569612342080946,-1.316944667699841,-0.39011357657155793,0.27569612342080946,0.5709640172252253,0.14122264326405234,0.5964668499944483,-1.316944667699841,0.14122264326405234,1.583954869564161
0.4106750778760328,-0.058265391239153766,-0.04759194671095434,-0.10799475750392938,-0.058265391239153766,0.3172789646576406,0.017629785371932848,0.1890390083515677,-0.04759194671095434,0.017629785371932848,0.7591450567724305,0.2378418423339507,-0.10799475750392938,0.1890390083515677,0.2378418423339507,0.6342091114938708
0.4916848180396687,-0.07448088261237845,0.2196192409569732,-0.06736146201862948,-0.07448088261237845,0.4122662247564539,0.0016712590452344876,0.01827630007895549,0.2196192409569732,0.0016712590452344876,0.41215540275587736,-0.15525136162730244,-0.06736146201862948,0.01827630007895549,-0.15525136162730244,0.4202180542490614
2.291397472948404,-1.5652868040747494,0.22727230193025633,0.927902805396041,-1.5652868040747494,1.4964488903533424,0.10991596969971554,-0.706611573763497,0.22727230193025633,0.10991596969971554,0.5459252476504746,0.11561749236797624,0.927902805396041,-0.706611573763497,0.11561749236797624,0.6732600231761168
