1:ϵ_1:ϵ,1:ϵ_2:ϵ,1:ϵ_3:ϵ,2:ϵ_1:ϵ,2:ϵ_2:ϵ,2:ϵ_3:ϵ,3:ϵ_1:ϵ,3:ϵ_2:ϵ,3:ϵ_3:ϵ
0.5315737532234608,-0.10799657089210421,0.2330381016441783,-0.10799657089210421,0.4092469818160027,-0.3320616907231544,0.2330381016441783,-0.3320616907231544,1.2903646769841999
0.7107601668630081,0.31395422879457013,0.023590446738662063,0.3139542287945702,1.8679884354398175,0.32588546190539797,0.023590446738662077,0.32588546190539797,0.3262935137264979
0.3964359053280386,-0.01629484376132029,-0.18947312428479654,-0.016294843761320288,0.37622996943202514,-0.017219311506577892,-0.18947312428479657,-0.01721931150657789,0.43901845108461174
3.5520415390904234,-1.360589036403023,-1.0769835837223336,-1.3605890364030229,0.8671665007860312,0.5886232911207103,-1.0769835837223338,0.5886232911207104,0.6274796034963327
0.35944404118955026,-0.15205168078703818,-0.05552999646438467,-0.15205168078703818,0.676892058781385,0.08682218657902457,-0.05552999646438466,0.08682218657902457,0.34599824714812966
0.28777593798101403,-0.03895658898185199,0.07046584214868144,-0.038956588981851996,0.3306913675383494,-0.09566452201429414,0.07046584214868144,-0.09566452201429414,0.8330457596147482
1.3143088394630404,-0.5130756829690173,0.576076529754291,-0.5130756829690173,0.5190302511462954,-0.24196398692335985,0.576076529754291,-0.24196398692335983,1.1146430044866482
0.5474474120272599,0.1362330863068367,-0.25225910015288255,0.13623308630683667,0.7363369224784564,-0.5409344173992972,-0.25225910015288255,-0.5409344173992972,0.7551964387952447
0.2654617581545294,0.03729086308668875,-0.3809612688822211,0.03729086308668875,0.33420058947566983,-0.31960286825452583,-0.3809612688822211,-0.3196028682545259,1.9349735135192023
0.907853561999803,0.5169273602060432,0.11794718476692091,0.5169273602060432,0.7597956425932328,0.02067836214694184,0.1179471847669209,0.020678362146941857,0.41232082015884713
0.45039349508336035,0.24164425213101579,-0.22213161217060565,0.2416442521310158,0.5092493812946964,-0.14988901868433788,-0.22213161217060567,-0.14988901868433788,0.8048245454774541
0.35378303157766283,-0.32271836351772515,-0.009490457136645356,-0.32271836351772515,0.9219492909555504,0.18292367699519588,-0.009490457136645385,0.1829236769951959,0.4157509438584212
0.26165101363288,-0.11989139443313154,-0.1193837582288476,-0.11989139443313152,0.7476711619500446,0.4929006955097724,-0.11938375822884759,0.4929006955097724,0.7449736017917895
0.4866563860945791,0.14001189634618488,-0.04375513557289467,0.14001189634618486,0.675982470989188,-0.12519543302871866,-0.04375513557289466,-0.12519543302871866,0.19327454631766744
0.4513439151204575,-0.15075852215757685,-0.09957971788989667,-0.15075852215757685,1.5316728524264063,0.550131011565847,-0.09957971788989667,0.550131011565847,1.171200623471561
0.511468792227099,-0.29141047245011187,-0.10796401466062422,-0.2914104724501118,0.34467092707560315,0.12622678438380855,-0.10796401466062423,0.12622678438380858,0.36760132795257966
0.3850572480300162,-0.07577576369904623,-0.14510623772992162,-0.07577576369904622,0.7798876773540544,0.2503242085521493,-0.1451062377299216,0.2503242085521493,0.43562315875672314
1.0944656872353533,0.47390943071438796,0.08083097246242517,0.47390943071438796,0.614469166217613,0.0003084566458971533,0.08083097246242518,0.0003084566458971533,0.4903486683814978
0.43559863445643915,-0.088874903177585,0.26822296059321254,-0.08887490317758501,0.20139064614015864,-0.05989938750043621,0.26822296059321254,-0.05989938750043621,1.0633362472122587
0.4231399110847498,0.35843527892123167,-0.1557347327677055,0.35843527892123167,0.5737482697759269,-0.14363105305466883,-0.15573473276770555,-0.1436310530546689,0.7043887441523322
1.4125697864387154,-0.7466008913174195,-1.3573718591636958,-0.7466008913174196,1.1036547098913627,0.9635576762560384,-1.3573718591636958,0.9635576762560384,1.7370823172116856
1.3795187060118979,-0.2654936939634409,0.7010882677059336,-0.26549369396344097,0.5887116297661255,-0.5591112500160624,0.7010882677059335,-0.5591112500160623,1.9515345309377272
1.5396555277385011,0.4947064066580861,0.891451057171914,0.4947064066580863,2.144375056359914,1.1648793529879584,0.891451057171914,1.1648793529879584,1.3002301640761131
1.3123469816658235,-0.5826760701343737,-0.6864276995510405,-0.5826760701343737,1.0223775210339043,0.6356642418236254,-0.6864276995510405,0.6356642418236254,0.944153962465097
0.4276880848686487,-0.1258797944455879,-0.10223013726440562,-0.12587979444558792,0.7178255109764583,0.6040133723328757,-0.10223013726440569,0.6040133723328757,1.6912820303014322
1.70342261198223,-1.0858477288145112,0.2558785999217915,-1.0858477288145114,1.5763987745186376,-0.24404841078876785,0.2558785999217915,-0.24404841078876785,0.40034677242011074
2.8370548598778567,1.7226864900403926,0.48368239260954987,1.722686490040393,2.674691481807653,1.0297643999490187,0.48368239260955026,1.029764399949019,0.8702643121254047
1.4798453026238605,0.5739100595722386,0.5493414538641223,0.5739100595722387,0.5322217131014007,0.1650113976357229,0.549341453864122,0.16501139763572276,0.5525988718108426
0.7291974876403118,-0.3836327219823841,0.18839162330270093,-0.383632721982384,0.4833751465924997,-0.10398252814365908,0.18839162330270096,-0.1039825281436591,0.831472265690153
0.8206321212682353,0.24052637615956507,-0.19612250718156177,0.24052637615956507,0.6191573709714484,0.17857060009466633,-0.19612250718156174,0.17857060009466633,1.5240070145299534
0.6032528134667029,-0.2523949366448008,-0.17568779676207139,-0.25239493664480084,0.7135668128557975,0.17020923582572417,-0.17568779676207144,0.1702092358257242,0.4094696938931691
0.7117655217985641,-0.3035554655500561,-0.06469200589037122,-0.30355546555005625,1.581015352278746,-1.0064714837124054,-0.06469200589037108,-1.0064714837124054,1.2943456048130961
0.7133875771202205,0.39946452763076545,-0.03263583779162248,0.39946452763076545,0.7899437884308392,-0.028490361349434442,-0.03263583779162248,-0.028490361349434442,1.0275867654087638
0.24764326928342698,-0.24567611133003425,0.25660934049148293,-0.24567611133003428,1.8132995777059713,-0.6085523098865585,0.2566093404914828,-0.6085523098865587,1.2228955067515825
0.8881658719716761,0.38622853483601094,0.26301454465308455,0.38622853483601094,1.6244169123254715,1.0458953371024766,0.26301454465308455,1.0458953371024766,1.60358176326216
0.4860583659683994,0.057500068706529635,0.07863215165089754,0.05750006870652963,0.27162619430868473,-0.08668071161665622,0.07863215165089757,-0.08668071161665622,0.8587334203239735
0.694363647469858,-0.28730647364563056,-0.1613077787464115,-0.2873064736456306,0.5136400819433278,0.10462748880826922,-0.16130777874641153,0.10462748880826922,0.20084818154690576
0.5883655289591854,0.09036966019986324,-0.05433380904647693,0.09036966019986326,0.27124847745244757,0.07320542570483005,-0.054333809046476916,0.07320542570483006,0.29555667432330973
0.642228229501255,0.11786293607418427,-0.3259809466563659,0.11786293607418427,0.6377205765613062,0.21555776202917665,-0.3259809466563659,0.21555776202917654,0.4889186738592207
2.103233454654755,0.5824731881672949,1.4586885680191648,0.5824731881672949,0.5710609475928481,0.5836176360268717,1.4586885680191646,0.5836176360268717,1.4324644879153843
0.47577250476804545,0.6650885387767536,-0.3901407798574576,0.6650885387767538,3.016496621513053,-1.2397552519095785,-0.39014077985745765,-1.2397552519095778,0.9140503026646754
0.36193561207452274,-0.12651833577947927,-0.1575649012526851,-0.12651833577947927,0.3664545096578032,-0.0032602727783679944,-0.1575649012526851,-0.003260272778367984,0.5347575115006404
1.2619341399307518,-0.1449110655823842,-0.2733640405921689,-0.14491106558238415,0.6469529622455457,0.25189022819535084,-0.27336404059216884,0.25189022819535084,0.3802245983178911
0.5120175200416961,0.019582794079952094,0.27961115514356977,0.019582794079952105,0.5800357390681,0.16621222734337907,0.27961115514356977,0.16621222734337907,1.0070865232696526
0.4389976026429468,-0.06204570619128209,-0.30411560310061264,-0.0620457061912821,0.41128777127521576,0.03155391812927594,-0.30411560310061264,0.03155391812927593,0.48903484603516834
0.20979614749450343,-0.09048158123742672,0.010363369799854999,-0.09048158123742671,0.672773792411656,-0.20080227158023525,0.010363369799854992,-0.20080227158023525,0.5047934218378727
1.0111215428714166,0.25445229999776414,0.5773159925031894,0.2544522999977642,0.30329578138225466,0.0863497296044812,0.5773159925031894,0.0863497296044812,0.9032756065406782
0.517699125255503,0.06249104934199827,0.14896296060103914,0.06249104934199827,0.5110607441137078,0.425857936054519,0.14896296060103917,0.425857936054519,0.848680779961371
0.32164961610871445,0.03420846205779082,0.0322810123573776,0.03420846205779082,0.6224928014210899,-0.011128956858776774,0.032281012357377604,-0.011128956858776774,0.6997563809974672
0.6792339057959704,0.2786049332368738,0.15099983283060692,0.2786049332368738,0.552230559607242,-0.036508136367106835,0.15099983283060686,-0.03650813636710686,0.5613622830768885
