1:ID_1:ID,1:ID_2:ID,1:ID_3:ID,1:ID_1:dam,2:ID_1:ID,2:ID_2:ID,2:ID_3:ID,2:ID_1:dam,3:ID_1:ID,3:ID_2:ID,3:ID_3:ID,3:ID_1:dam,1:dam_1:ID,1:dam_2:ID,1:dam_3:ID,1:dam_1:dam
3.9430984021370983,-1.9008425754485718,0.5292892399494776,-0.036400663454123086,-1.9008425754485718,1.700596881323475,-0.1719885365205724,-0.25238162247097123,0.5292892399494776,-0.1719885365205724,0.5263773332570926,-0.09648301251061688,-0.036400663454123086,-0.25238162247097123,-0.09648301251061688,0.3574339323622486
2.1924659931198174,-1.0377742094194085,-0.24439959387595875,0.9613315412469997,-1.0377742094194085,1.5333022508049243,-0.14682957231136348,0.3839320317316298,-0.24439959387595875,-0.14682957231136348,0.41153728579045645,-0.36580075910023685,0.9613315412469997,0.3839320317316298,-0.36580075910023685,1.6245380144313855
2.8644113138728726,-2.301307100836822,0.07195471269617701,1.1296033039883866,-2.301307100836822,2.654769742097818,-0.23610691947087137,-0.7656893926238305,0.07195471269617701,-0.23610691947087137,1.0677424996401497,-0.09213457185423303,1.1296033039883866,-0.7656893926238305,-0.09213457185423303,0.7331058747343786
2.867966062655901,-2.0699160435724266,-1.4460817321480028,1.099489403792538,-2.0699160435724266,2.3173763060490558,1.179518246459561,-1.0406496517374957,-1.4460817321480028,1.179518246459561,1.0338058777785115,-0.6388462339101413,1.099489403792538,-1.0406496517374957,-0.6388462339101413,0.7794217393208659
2.29344901409482,-1.886646874410033,-1.112022708170321,2.8060567074007707,-1.886646874410033,2.3354138633914854,0.6366355465468739,-2.73835575506554,-1.112022708170321,0.6366355465468739,1.198499057201745,-1.5211851508258087,2.8060567074007707,-2.73835575506554,-1.5211851508258087,4.540888128222345
0.8891983019112581,0.336695561555746,0.15634517080484178,0.22914559457245506,0.336695561555746,0.9318743114370878,0.2572409885150259,-0.3298199025810021,0.15634517080484178,0.2572409885150259,0.9731454258251945,0.3913851700269974,0.22914559457245506,-0.3298199025810021,0.3913851700269974,1.0783226722591157
3.723689078731433,-0.9617096482783534,0.4559249859849931,-1.1439859923199573,-0.9617096482783534,0.891199907618729,-0.06713701356558582,0.33260199375664673,0.4559249859849931,-0.06713701356558582,0.2689460591335757,-0.10487993769253293,-1.1439859923199573,0.33260199375664673,-0.10487993769253293,0.9474817528079166
1.3225777841962392,-1.439153292299315,0.341320653507848,-0.08913712490785275,-1.439153292299315,2.532309197522284,-0.3105925425364622,0.2343019010141682,0.341320653507848,-0.3105925425364622,0.654600799138113,-0.14970311537792097,-0.08913712490785275,0.2343019010141682,-0.14970311537792097,0.3421424941771925
5.474044607437453,-3.2209476193087747,-1.1503319514453931,0.3747387235906826,-3.2209476193087747,2.294545980043813,0.7107125412654901,-0.06071083766118414,-1.1503319514453931,0.7107125412654901,0.5096160365802691,-0.0816648447345168,0.3747387235906826,-0.06071083766118414,-0.0816648447345168,0.5545158187490218
3.741080896473064,-1.613246964909866,-1.474782223101242,-0.10256968001959033,-1.613246964909866,4.266143200473717,0.357335933500741,1.7232846137012519,-1.474782223101242,0.357335933500741,0.9259966664346675,-0.16075704431942184,-0.10256968001959033,1.7232846137012519,-0.16075704431942184,1.6416931054839692
3.354828276533261,-1.6368334906056705,-1.1374485855413519,0.09601809611110822,-1.6368334906056705,2.080268117649422,0.9736815755810254,0.14906954757397528,-1.1374485855413519,0.9736815755810254,0.7557048056733745,0.07678941224498585,0.09601809611110822,0.14906954757397528,0.07678941224498585,0.21116289411850028
0.8388261215796087,-0.41644645084325815,-0.5287527633435478,0.9183791030333491,-0.41644645084325815,1.3241639059703905,0.18529296444791865,0.10492118981505633,-0.5287527633435478,0.18529296444791865,1.1708268013473475,-0.4410218423628045,0.9183791030333491,0.10492118981505633,-0.4410218423628045,2.2108277967672048
4.177560638777509,-3.0071696340540095,-0.12859398273117065,0.8022914315853309,-3.0071696340540095,3.4098992594648196,-0.012511321920743085,-0.7862009909686769,-0.12859398273117065,-0.012511321920743085,0.2825637528692448,0.14018965982873935,0.8022914315853309,-0.7862009909686769,0.14018965982873935,0.7781007857717067
3.041262552137626,-3.1068388011845656,-0.1585055498056874,2.830366593330356,-3.1068388011845656,4.148229198032586,0.7044615959262588,-3.0968577560663673,-0.1585055498056874,0.7044615959262588,0.7342595260505784,0.04501348595677363,2.830366593330356,-3.0968577560663673,0.04501348595677363,3.54961652264303
0.7788007623322978,-0.30238645904052164,-0.19905171290117826,0.1262568783031449,-0.30238645904052164,4.191948033814489,-0.7458452827080002,-2.393806185140127,-0.19905171290117826,-0.7458452827080002,0.6223615852169496,0.38591837553177305,0.1262568783031449,-2.393806185140127,0.38591837553177305,2.24515578904973
0.11517776546410627,-0.13483443015412797,-0.0282072014939676,0.00034769465312355286,-0.13483443015412797,3.304311391692319,0.4408574297194934,0.8987873267257794,-0.0282072014939676,0.4408574297194934,0.25367086964098073,0.06714572883314252,0.00034769465312355286,0.8987873267257794,0.06714572883314252,0.4901058769939309
3.0181868859038854,-2.9830735864932825,-0.14867835572651517,-0.528208581086941,-2.9830735864932825,4.258013167584289,-0.06777518062380253,0.6237613813652485,-0.14867835572651517,-0.06777518062380253,0.4656497045603242,-0.13771384735287492,-0.528208581086941,0.6237613813652485,-0.13771384735287492,0.42755587206415985
2.121600053647275,-1.0370480895236356,0.3404485683480525,0.12815901200853816,-1.0370480895236356,1.9502532190148478,-0.11649979975889106,0.21035038328359237,0.3404485683480525,-0.11649979975889106,0.9043627604494924,-0.12946767595519132,0.12815901200853816,0.21035038328359237,-0.12946767595519132,0.48978444368751
3.069319311792337,-2.921350426286825,-0.3849103507436683,2.071502799926263,-2.921350426286825,3.7571029916726086,0.34195661095332275,-1.5864928227843775,-0.3849103507436683,0.34195661095332275,0.3848645159643068,-0.3451449530218106,2.071502799926263,-1.5864928227843775,-0.3451449530218106,2.583497649436851
3.50629940066733,-1.9000739124903758,-0.7043775779189171,0.6702597821279646,-1.9000739124903758,2.662012881692556,0.798816427840325,-0.13836953270670826,-0.7043775779189171,0.798816427840325,0.6445321742871088,-0.09468259489407785,0.6702597821279646,-0.13836953270670826,-0.09468259489407785,0.48436208381194873
1.3399302169501577,0.46950589204346505,-0.017751804022062348,0.8558298149506718,0.46950589204346505,1.8543201188469367,-0.1704674848594918,0.5287411101240117,-0.017751804022062348,-0.1704674848594918,0.3364900598108063,0.23897418086837788,0.8558298149506718,0.5287411101240117,0.23897418086837788,1.911305319189413
1.8597821354915145,-0.5832888327206917,-0.5152977620372641,-0.36734667700877516,-0.5832888327206917,1.4916400275582085,0.5204198883869293,0.9265058761586982,-0.5152977620372641,0.5204198883869293,0.3979088952638682,0.4163387491734567,-0.36734667700877516,0.9265058761586982,0.4163387491734567,1.1389186935280884
4.333678536358821,-3.3362705660141785,-1.3530737983915815,0.03232452846819912,-3.3362705660141785,3.5877387307095647,1.0582083699199483,-0.6658374544133087,-1.3530737983915815,1.0582083699199483,1.1152957087133963,0.03265686002494903,0.03232452846819912,-0.6658374544133087,0.03265686002494903,0.9278241295863214
1.6205741564944385,-2.6429826327700736,-0.26829088446998894,1.4117863203870378,-2.6429826327700736,7.71988315601124,-0.023398464646687545,-3.4755773254034876,-0.26829088446998894,-0.023398464646687545,1.2234702197494383,0.25040504157898186,1.4117863203870378,-3.4755773254034876,0.25040504157898186,2.1861172752438636
2.044036629133463,-1.2442598676487335,-0.7273290734876439,0.8931336120198627,-1.2442598676487335,1.516390017459004,0.9531485742687504,-0.6476543346570801,-0.7273290734876439,0.9531485742687504,0.9639490036768779,-0.39724165685742036,0.8931336120198627,-0.6476543346570801,-0.39724165685742036,0.636836975365846
1.6168238598980518,-1.7306175114034665,0.0946379713073364,0.5470098224016469,-1.7306175114034665,2.6664685751523116,-0.10375117693928242,-1.0213026289304354,0.0946379713073364,-0.10375117693928242,0.21808055851080174,-0.06745983446884214,0.5470098224016469,-1.0213026289304354,-0.06745983446884214,0.9442707738205434
1.254650929723179,-0.6905600709102346,-0.6211536210902677,-0.8068492924276394,-0.6905600709102346,2.6106969929154937,0.9042086738084096,0.718163357371385,-0.6211536210902677,0.9042086738084096,0.9657080494427157,0.5061485131814085,-0.8068492924276394,0.718163357371385,0.5061485131814085,0.9656421226758106
1.1083903500619101,-2.4555072785410093,1.844435614791344,1.5390477844672859,-2.4555072785410093,8.24148431325522,-7.135625488722465,-3.590161493688684,1.844435614791344,-7.135625488722465,7.72063109839799,2.472668512721435,1.5390477844672859,-3.590161493688684,2.472668512721435,2.6271341803388712
2.5170295970231558,-1.6865015593455202,-0.3432239285886367,-2.1322419013859384,-1.6865015593455202,2.0168722728749624,0.12030903896965936,1.9599641613755243,-0.3432239285886367,0.12030903896965936,0.7847577407753772,0.15285315947263903,-2.1322419013859384,1.9599641613755243,0.15285315947263903,2.3916374712443136
3.4486536853457856,-1.6806680986930838,-1.2107031572627602,1.433976527946403,-1.6806680986930838,2.237541102363754,0.770881030171209,-0.8223461745224259,-1.2107031572627602,0.770881030171209,1.1899998493537165,-0.6911486454227874,1.433976527946403,-0.8223461745224259,-0.6911486454227874,0.8832701292519152
6.68588073828683,-3.102000087474737,-0.1859177326400136,3.585794888383088,-3.102000087474737,2.063576314611095,0.164467328161952,-2.1484517389567652,-0.1859177326400136,0.164467328161952,0.44077356259899625,-0.26342106210414507,3.585794888383088,-2.1484517389567652,-0.26342106210414507,2.6161343552550034
2.3296799364459204,0.1063554065263162,1.3564862872060073,1.6351943748770763,0.1063554065263162,1.00779956422832,0.574238462490853,0.5739092011364395,1.3564862872060073,0.574238462490853,2.074184853822155,1.536983802285249,1.6351943748770763,0.5739092011364395,1.536983802285249,2.7403399602742144
4.173993590573137,-3.5263351635600584,-2.1472254534439736,1.8915078568793153,-3.5263351635600584,3.234478217797113,1.7012191389207985,-1.5778020082857807,-2.1472254534439736,1.7012191389207985,2.201898838774066,-1.4992577433435228,1.8915078568793153,-1.5778020082857807,-1.4992577433435228,1.5876942188849608
1.4369801917232796,0.05407975539321909,0.2169525104272569,-0.4186258704286261,0.05407975539321909,0.9594791225786894,-0.34547702454618706,-0.6454812004373124,0.2169525104272569,-0.34547702454618706,0.717971973343143,0.012970316059530154,-0.4186258704286261,-0.6454812004373124,0.012970316059530154,1.0632617330688388
1.9469605407858663,-1.6095157275212615,-0.03193907898803742,-0.04187227401455337,-1.6095157275212615,1.9105019817017672,-0.13714520852439463,0.3922514454841629,-0.03193907898803742,-0.13714520852439463,0.33393400997715644,0.012987831241716426,-0.04187227401455337,0.3922514454841629,0.012987831241716426,0.978923047757982
1.1034219072215556,-0.6647648843942265,0.11343694672635674,0.08477616799507477,-0.6647648843942265,1.2322769643741467,0.02004359044297707,0.007885392655233038,0.11343694672635674,0.02004359044297707,0.48193567370101426,-0.04634479199587795,0.08477616799507477,0.007885392655233038,-0.04634479199587795,0.46568549175483176
3.8709436029947253,-2.2130346727637806,-0.17382955222046997,0.1629158115866409,-2.2130346727637806,2.0801869621286495,-0.10550409830636027,-0.4625158785879126,-0.17382955222046997,-0.10550409830636027,0.4180814823649313,0.008806448137587257,0.1629158115866409,-0.4625158785879126,0.008806448137587257,0.7419656478728462
9.157525386696825,-3.6036843689070945,-1.4091865429514865,-1.2504529882965842,-3.6036843689070945,2.987410173929335,0.9166402360867318,1.8265772681206116,-1.4091865429514865,0.9166402360867318,0.61984342340955,0.5790289743300093,-1.2504529882965842,1.8265772681206116,0.5790289743300093,1.8151007678991973
1.8461782487217264,-0.6373227388545993,-1.218508824122403,1.1197789380408558,-0.6373227388545993,0.46403909954852374,0.3258997559955349,-0.5219352716158084,-1.218508824122403,0.3258997559955349,1.2731814162995518,-0.541063407756129,1.1197789380408558,-0.5219352716158084,-0.541063407756129,1.2758173466809581
1.1631061239054339,0.3665935841514646,0.07997755545760854,-1.0415046415233198,0.3665935841514646,1.798922182399794,0.5724934748095546,-1.289508591901172,0.07997755545760854,0.5724934748095546,0.43816240225056535,-0.5123791396898736,-1.0415046415233198,-1.289508591901172,-0.5123791396898736,1.8140765996952375
2.1793106057756813,-0.9428508483808347,-0.11398773590167252,-0.06022055955201462,-0.9428508483808347,1.011554218480152,-0.08147611893073989,0.2242965648874233,-0.11398773590167252,-0.08147611893073989,0.3046190165742426,-0.07156390076532425,-0.06022055955201462,0.2242965648874233,-0.07156390076532425,0.43637920597543445
0.4862246112808333,-1.0337196756533096,-0.2252049027129941,0.3717575807068625,-1.0337196756533096,4.318755977660445,0.6562248875403764,-0.9405642038352081,-0.2252049027129941,0.6562248875403764,0.38467779861537305,-0.294965651465073,0.3717575807068625,-0.9405642038352081,-0.294965651465073,0.6487838149825853
1.1596633379257557,-1.3060685031698553,-0.4581460486310396,-0.5779824068279192,-1.3060685031698553,3.345277306474414,0.6875452113952875,1.8251255343575752,-0.4581460486310396,0.6875452113952875,0.4409933121508627,0.4643817014208664,-0.5779824068279192,1.8251255343575752,0.4643817014208664,1.5168074663993538
6.416626190294311,-5.297040211810112,-0.3927050270923833,2.4666948956496486,-5.297040211810112,4.812171927799388,0.22723971497930395,-2.285415805940986,-0.3927050270923833,0.22723971497930395,0.40146036767932947,0.014435350241118057,2.4666948956496486,-2.285415805940986,0.014435350241118057,1.6921962975738813
3.902218402934827,-2.374926934857052,-1.3537753525356884,-1.234967535378917,-2.374926934857052,1.7891549973384053,0.8312524069311784,0.6867534831669482,-1.3537753525356884,0.8312524069311784,0.6248292845769128,0.4022632850154366,-1.234967535378917,0.6867534831669482,0.4022632850154366,0.622166112712731
2.6600770736881123,-2.400810064644416,-0.5527615475862736,-0.0591852486896948,-2.400810064644416,3.0291158747442495,0.4197326571138645,0.005717464585468384,-0.5527615475862736,0.4197326571138645,0.8519838147358442,0.010530477233749742,-0.0591852486896948,0.005717464585468384,0.010530477233749742,0.1516471685803423
10.927730693081187,-6.8019917007153925,0.17621778903755497,-2.9809344284583004,-6.8019917007153925,4.627015377422579,-0.1311005689564856,1.6720321263517566,0.17621778903755497,-0.1311005689564856,0.4464286304925077,0.14525875623212864,-2.9809344284583004,1.6720321263517566,0.14525875623212864,1.438302910834316
1.4752633722079496,-0.845667973886308,-1.254361453624226,1.2021144098279937,-0.845667973886308,0.988630413720583,1.0266347575000485,-1.1468013661818852,-1.254361453624226,1.0266347575000485,1.6658372645361772,-1.4232865211393984,1.2021144098279937,-1.1468013661818852,-1.4232865211393984,1.7250683214695843
1.794458048625215,-1.511712765446943,-0.7421243063834222,-0.06046439003917514,-1.511712765446943,1.8723804103274406,0.7806008426915582,-0.026354735166047222,-0.7421243063834222,0.7806008426915582,1.0074801080412488,-0.3918112330207467,-0.06046439003917514,-0.026354735166047222,-0.3918112330207467,0.6482214844324218
2.909614038362036,-2.7451111313042267,-0.43853176205269023,-1.5781258736609984,-2.7451111313042267,3.8200278481950134,0.27998160941532213,1.402047601497169,-0.43853176205269023,0.27998160941532213,0.312604424781585,0.2786457966232945,-1.5781258736609984,1.402047601497169,0.2786457966232945,1.1926364680105246
